1001	库存现金	1	0	0	0	0			0	0	0	0	0	0	0	库存现金					0	0								库存现金	
120101	财政直接支付	2	0	0	0	0			0	0	0	0	0	1	0	财政应返还额度/财政直接支付					0	0								财政应返还额度/财政直接支付	
1216	应收利息	1	0	0	0	0			0	0	0	0	0	1	0	应收利息					0	0								应收利息	
1302	库存物品	1	0	0	0	0			0	0	0	0	0	1	0	库存物品					0	0								库存物品	
1502	长期债券投资	1	0	0	0	0			0	0	0	0	0	0	0	长期债券投资					0	0								长期债券投资	
1613	在建工程	1	0	0	0	0			0	0	0	0	0	0	0	在建工程					0	0								在建工程	
1801	公共基础设施	1	0	0	0	0			0	0	0	0	0	1	0	公共基础设施					0	0								公共基础设施	
1802	公共基础设施累计折旧（摊销）	1	0	0	0	0			0	0	0	0	0	1	1	公共基础设施累计折旧（摊销）					0	0								公共基础设施累计折旧（摊销）	
1832	保障性住房累计折旧	1	0	0	0	0			0	0	0	0	0	1	1	保障性住房累计折旧					0	0								保障性住房累计折旧	
2001	短期借款	1	0	0	0	0			0	0	0	0	0	1	1	短期借款					0	0								短期借款	
2301	应付票据	1	0	0	0	0			0	0	0	0	0	1	1	应付票据					0	0								应付票据	
1212	应收账款	1	0	0	0	0			0	0	0	0	0	1	0	应收账款					0	0								应收账款	
2401	预提费用	1	0	0	0	0			0	0	0	0	0	1	1	预提费用					0	0								预提费用	
1002	银行存款	1	0	0	0	0			0	0	0	0	0	0	0	银行存款					0	0								银行存款	
1201	财政应返还额度	1	0	0	0	0			0	0	0	0	0	0	0	财政应返还额度					0	0								财政应返还额度	
1215	应收股利	1	0	0	0	0			0	0	0	0	0	1	0	应收股利					0	0								应收股利	
1301	在途物品	1	0	0	0	0			0	0	0	0	0	1	0	在途物品					0	0								在途物品	
1501	长期股权投资	1	0	0	0	0			0	0	0	0	0	1	0	长期股权投资					0	0								长期股权投资	
1611	工程物资	1	0	0	0	0			0	0	0	0	0	1	0	工程物资					0	0								工程物资	
1703	研发支出	1	0	0	0	0			0	0	0	0	0	0	0	研发支出					0	0								研发支出	
2101	应交增值税	1	0	0	0	0			0	0	0	0	0	0	1	应交增值税					0	0								应交增值税	
1811	政府储备物资	1	0	0	0	0			0	0	0	0	0	1	0	政府储备物资					0	0								政府储备物资	
1831	保障性住房	1	0	0	0	0			0	0	0	0	0	1	0	保障性住房					0	0								保障性住房	
1891	受托代理资产	1	0	0	0	0			0	0	0	0	0	1	0	受托代理资产					0	0								受托代理资产	
1902	待处理财产损溢	1	0	0	0	0			0	0	0	0	0	1	0	待处理财产损溢					0	0								待处理财产损溢	
2102	其他应交税费	1	0	0	0	0			0	0	0	0	0	0	1	其他应交税费					0	0								其他应交税费	
2201	应付职工薪酬	1	0	0	0	0			0	0	0	0	0	0	1	应付职工薪酬					0	0								应付职工薪酬	
2302	应付账款	1	0	0	0	0			0	0	0	0	0	1	1	应付账款					0	0								应付账款	
2304	应付利息	1	0	0	0	0			0	0	0	0	0	1	1	应付利息					0	0								应付利息	
2501	长期借款	1	0	0	0	0			0	0	0	0	0	1	1	长期借款					0	0								长期借款	
1101	短期投资	1	0	0	0	0			0	0	0	0	0	1	0	短期投资					0	0								短期投资	
1211	应收票据	1	0	0	0	0			0	0	0	0	0	1	0	应收票据					0	0								应收票据	
1219	坏账准备	1	0	0	0	0			0	0	0	0	0	1	1	坏账准备					0	0								坏账准备	
1401	待摊费用	1	0	0	0	0			0	0	0	0	0	1	0	待摊费用					0	0								待摊费用	
1602	固定资产累计折旧 	1	0	0	0	0			0	0	0	0	0	1	1	固定资产累计折旧					0	0								固定资产累计折旧	
1702	无形资产累计摊销	1	0	0	0	0			0	0	0	0	0	1	1	无形资产累计摊销					0	0								无形资产累计摊销	
660901	捐赠预算收入	2	0	0	0	0			0	0	0	0	0	0	1	其他预算收入/捐赠预算收入														其他预算收入/捐赠预算收入	
1821	文物文化资产	1	0	0	0	0			0	0	0	0	0	1	0	文物文化资产					0	0								文物文化资产	
1901	长期待摊费用	1	0	0	0	0			0	0	0	0	0	1	0	长期待摊费用					0	0								长期待摊费用	
2103	应缴财政款	1	0	0	0	0			0	0	0	0	0	1	1	应缴财政款					0	0								应缴财政款	
2303	应付政府补贴款	1	0	0	0	0			0	0	0	0	0	1	1	应付政府补贴款					0	0								应付政府补贴款	
2305	预收账款	1	0	0	0	0			0	0	0	0	0	1	1	预收账款					0	0								预收账款	
2502	长期应付款	1	0	0	0	0			0	0	0	0	0	1	1	长期应付款					0	0								长期应付款	
1021	其他货币资金	1	0	0	0	0			0	0	0	0	0	0	0	其他货币资金					0	0								其他货币资金	
120102	财政授权支付	2	0	0	0	0			0	0	0	0	0	1	0	财政应返还额度/财政授权支付					0	0								财政应返还额度/财政授权支付	
1218	其他应收款	1	0	0	0	0			0	0	0	0	0	1	0	其他应收款					0	0								其他应收款	
1303	加工物品	1	0	0	0	0			0	0	0	0	0	0	0	加工物品					0	0								加工物品	
1601	固定资产	1	0	0	0	0			0	0	0	0	0	0	0	固定资产					0	0								固定资产	
1701	无形资产	1	0	0	0	0			0	0	0	0	0	1	0	无形资产					0	0								无形资产	
2307	其他应付款	1	0	0	0	0			0	0	0	0	0	1	1	其他应付款					0	0								其他应付款	
2601	预计负债	1	0	0	0	0			0	0	0	0	0	1	1	预计负债					0	0								预计负债	
2901	受托代理负债	1	0	0	0	0			0	0	0	0	0	1	1	受托代理负债					0	0								受托代理负债	
3001	累计盈余	1	0	0	0	0			0	0	0	0	0	1	1	累计盈余					0	0								累计盈余	
3101	专用基金	1	0	0	0	0			0	0	0	0	0	1	1	专用基金					0	0								专用基金	
3201	权益法调整	1	0	0	0	0			0	0	0	0	0	1	1	权益法调整					0	0								权益法调整	
3301	本期盈余	1	0	0	0	0			0	0	0	0	0	1	1	本期盈余					0	0								本期盈余	
3302	本年盈余分配	1	0	0	0	0			0	0	0	0	0	1	1	本年盈余分配					0	0								本年盈余分配	
3401	无偿调拨净资产	1	0	0	0	0			0	0	0	0	0	1	1	无偿调拨净资产					0	0								无偿调拨净资产	
3501	以前年度盈余调整	1	0	0	0	0			0	0	0	0	0	1	1	以前年度盈余调整					0	0								以前年度盈余调整	
800102	货币资金	2	0	0	0	0			0	0	0	0	0	1	1	资金结存/货币资金					0	0								资金结存/货币资金	
60010102	日常公用经费	3	0	0	0	0			0	0	0	0	0	1	1	财政拨款预算收入/基本支出/日常公用经费					0	0								财政拨款预算收入/基本支出/日常公用经费	
600102	项目支出	2	0	0	0	0			0	0	0	0	0	1	1	财政拨款预算收入/项目支出					0	0								财政拨款预算收入/项目支出	
4101	事业收入	1	0	0	0	0			0	0	0	0	0	1	1	事业收入					0	0								事业收入	
4201	上级补助收入	1	0	0	0	0			0	0	0	0	0	1	1	上级补助收入					0	0								上级补助收入	
4301	附属单位上缴收入	1	0	0	0	0			0	0	0	0	0	1	1	附属单位上缴收入					0	0								附属单位上缴收入	
4401	经营收入	1	0	0	0	0			0	0	0	0	0	1	1	经营收入					0	0								经营收入	
4601	非同级财政拨款收入	1	0	0	0	0			0	0	0	0	0	1	1	非同级财政拨款收入					0	0								非同级财政拨款收入	
4602	投资收益	1	0	0	0	0			0	0	0	0	0	1	1	投资收益					0	0								投资收益	
4603	捐赠收入	1	0	0	0	0			0	0	0	0	0	1	1	捐赠收入					0	0								捐赠收入	
4604	利息收入	1	0	0	0	0			0	0	0	0	0	1	1	利息收入					0	0								利息收入	
4605	租金收入	1	0	0	0	0			0	0	0	0	0	1	1	租金收入					0	0								租金收入	
4609	其他收入	1	0	0	0	0			0	0	0	0	0	1	1	其他收入					0	0								其他收入	
5001	业务活动费用	1	0	0	0	0			0	0	0	0	0	1	0	业务活动费用					0	0								业务活动费用	
5101	单位管理费用	1	0	0	0	0			0	0	0	0	0	1	0	单位管理费用					0	0								单位管理费用	
5201	经营费用	1	0	0	0	0			0	0	0	0	0	1	0	经营费用					0	0								经营费用	
5301	资产处置费用	1	0	0	0	0			0	0	0	0	0	1	0	资产处置费用					0	0								资产处置费用	
5401	上缴上级费用	1	0	0	0	0			0	0	0	0	0	1	0	上缴上级费用					0	0								上缴上级费用	
5501	对附属单位补助费用	1	0	0	0	0			0	0	0	0	0	1	0	对附属单位补助费用					0	0								对附属单位补助费用	
5801	所得税费用	1	0	0	0	0			0	0	0	0	0	1	0	所得税费用					0	0								所得税费用	
5901	其他费用	1	0	0	0	0			0	0	0	0	0	1	0	其他费用					0	0								其他费用	
6001	财政拨款预算收入	1	0	0	0	0			0	0	0	0	0	0	1	财政拨款预算收入					0	0								财政拨款预算收入	
6101	事业预算收入	1	0	0	0	0			0	0	0	0	0	0	1	事业预算收入					0	0								事业预算收入	
6201	上级补助预算收入	1	0	0	0	0			0	0	0	0	0	0	1	上级补助预算收入					0	0								上级补助预算收入	
6301	附属单位上缴预算收入	1	0	0	0	0			0	0	0	0	0	0	1	附属单位上缴预算收入					0	0								附属单位上缴预算收入	
6401	经营预算收入	1	0	0	0	0			0	0	0	0	0	1	1	经营预算收入					0	0								经营预算收入	
6501	债务预算收入	1	0	0	0	0			0	0	0	0	0	0	1	债务预算收入					0	0								债务预算收入	
6601	非同级财政拨款预算收入	1	0	0	0	0			0	0	0	0	0	0	1	非同级财政拨款预算收入					0	0								非同级财政拨款预算收入	
6602	投资预算收益	1	0	0	0	0			0	0	0	0	0	1	1	投资预算收益					0	0								投资预算收益	
6609	其他预算收入	1	0	0	0	0			0	0	0	0	0	0	1	其他预算收入					0	0								其他预算收入	
7101	行政支出	1	0	0	0	0			0	0	0	0	0	0	0	行政支出					0	0								行政支出	
7201	事业支出	1	0	0	0	0			0	0	0	0	0	0	0	事业支出					0	0								事业支出	
7301	经营支出	1	0	0	0	0			0	0	0	0	0	1	0	经营支出					0	0								经营支出	
7401	上缴上级支出	1	0	0	0	0			0	0	0	0	0	1	0	上缴上级支出					0	0								上缴上级支出	
7501	对附属单位补助支出	1	0	0	0	0			0	0	0	0	0	1	0	对附属单位补助支出					0	0								对附属单位补助支出	
7601	投资支出	1	0	0	0	0			0	0	0	0	0	1	0	投资支出					0	0								投资支出	
7701	债务还本支出	1	0	0	0	0			0	0	0	0	0	1	0	债务还本支出					0	0								债务还本支出	
7901	其他支出	1	0	0	0	0			0	0	0	0	0	0	0	其他支出					0	0								其他支出	
8001	资金结存	1	0	0	0	0			0	0	0	0	0	0	1	资金结存					0	0								资金结存	
8101	财政拨款结转	1	0	0	0	0			0	0	0	0	0	0	1	财政拨款结转					0	0								财政拨款结转	
8102	财政拨款结余	1	0	0	0	0			0	0	0	0	0	0	1	财政拨款结余					0	0								财政拨款结余	
8201	非财政拨款结转	1	0	0	0	0			0	0	0	0	0	0	1	非财政拨款结转					0	0								非财政拨款结转	
8202	非财政拨款结余	1	0	0	0	0			0	0	0	0	0	0	1	非财政拨款结余					0	0								非财政拨款结余	
8301	专用结余	1	0	0	0	0			0	0	0	0	0	1	1	专用结余					0	0								专用结余	
8401	经营结余	1	0	0	0	0			0	0	0	0	0	1	1	经营结余					0	0								经营结余	
8501	其他结余	1	0	0	0	0			0	0	0	0	0	1	1	其他结余					0	0								其他结余	
8701	非财政拨款结余分配	1	0	0	0	0			0	0	0	0	0	1	1	非财政拨款结余分配					0	0								非财政拨款结余分配	
4001	财政拨款收入	1	0	0	0	0			0	0	0	0	0	0	1	财政拨款收入					0	0								财政拨款收入	
400102	政府性基金预算财政拨款	2	0	0	0	0			0	0	0	0	0	1	1	财政拨款收入/政府性基金预算财政拨款					0	0								财政拨款收入/政府性基金预算财政拨款	
600101	基本支出	2	0	0	0	0			0	0	0	0	0	0	1	财政拨款预算收入/基本支出														财政拨款预算收入/基本支出	
60010101	人员经费	3	0	0	0	0			0	0	0	0	0	1	1	财政拨款预算收入/基本支出/人员经费														财政拨款预算收入/基本支出/人员经费	
660902	利息预算收入	2	0	0	0	0			0	0	0	0	0	0	1	其他预算收入/利息预算收入					0	0								其他预算收入/利息预算收入	
660903	租金预算收入	2	0	0	0	0			0	0	0	0	0	0	1	其他预算收入/租金预算收入					0	0								其他预算收入/租金预算收入	
660904	现金盘盈收入	2	0	0	0	0			0	0	0	0	0	0	1	其他预算收入/现金盘盈收入					0	0								其他预算收入/现金盘盈收入	
790101	利息支出	2	0	0	0	0			0	0	0	0	0	0	0	其他支出/利息支出														其他支出/利息支出	
790103	现金盘亏损失	2	0	0	0	0			0	0	0	0	0	0	0	其他支出/现金盘亏损失					0	0								其他支出/现金盘亏损失	
790102	对外捐赠现金支出	2	0	0	0	0			0	0	0	0	0	0	0	其他支出/对外捐赠现金支出					0	0								其他支出/对外捐赠现金支出	
790106	罚没支出	2	0	0	0	0			0	0	0	0	0	0	0	其他支出/罚没支出					0	0								其他支出/罚没支出	
790104	接收捐赠和对外捐赠非现金资产的税费支出	2	0	0	0	0			0	0	0	0	0	0	0	其他支出/接收捐赠和对外捐赠非现金资产的税费支出					0	0								其他支出/接收捐赠和对外捐赠非现金资产的税费支出	
790105	资产置换产生的税费支出	2	0	0	0	0			0	0	0	0	0	0	0	其他支出/资产置换产生的税费支出					0	0								其他支出/资产置换产生的税费支出	
400101	一般公共预算财政拨款	2	0	0	0	0			0	0	0	0	0	1	1	财政拨款收入/一般公共预算财政拨款														财政拨款收入/一般公共预算财政拨款	
810101	年初余额调整	2	0	0	0	0			0	0	0	0	0	1	1	财政拨款结转/年初余额调整														财政拨款结转/年初余额调整	
100201	本单位	2	0	0	0	0			0	0	0	0	0	1	0	银行存款/本单位						1								银行存款/本单位	
1011	零余额账户用款额度 	1	0	0	0	0			0	0	0	0	0	1	0	零余额账户用款额度					0	1								零余额账户用款额度	
102102	银行本票存款	2	0	0	0	0			0	0	0	0	0	1	0	其他货币资金/银行本票存款					0	1								其他货币资金/银行本票存款	
102104	信用卡存款	2	0	0	0	0			0	0	0	0	0	1	0	其他货币资金/信用卡存款					0	1								其他货币资金/信用卡存款	
102103	银行汇票存款	2	0	0	0	0			0	0	0	0	0	1	0	其他货币资金/银行汇票存款					0	1								其他货币资金/银行汇票存款	
130301	自制物品	2	0	0	0	0			0	0	0	0	0	0	0	加工物品/自制物品														加工物品/自制物品	
130302	委托加工物品	2	0	0	0	0			0	0	0	0	0	1	0	加工物品/委托加工物品					0	0								加工物品/委托加工物品	
13030101	直接材料	3	0	0	0	0			0	0	0	0	0	1	0	加工物品/自制物品/直接材料														加工物品/自制物品/直接材料	
100101	现金	2	0	0	0	0			0	0	0	0	0	1	0	库存现金/现金						1								库存现金/现金	
100102	受托代理资产	2	0	0	0	0			0	0	0	0	0	1	0	库存现金/受托代理资产					0	1								库存现金/受托代理资产	
100202	受托代理资产	2	0	0	0	0			0	0	0	0	0	1	0	银行存款/受托代理资产					0	1								银行存款/受托代理资产	
102101	外埠存款	2	0	0	0	0			0	0	0	0	0	1	0	其他货币资金/外埠存款						1								其他货币资金/外埠存款	
13030102	直接人工	3	0	0	0	0			0	0	0	0	0	1	0	加工物品/自制物品/直接人工					0	0								加工物品/自制物品/直接人工	
13030103	其他直接费用	3	0	0	0	0			0	0	0	0	0	1	0	加工物品/自制物品/其他直接费用					0	0								加工物品/自制物品/其他直接费用	
13030104	间接费用	3	0	0	0	0			0	0	0	0	0	1	0	加工物品/自制物品/间接费用					0	0								加工物品/自制物品/间接费用	
150201	成本	2	0	0	0	0			0	0	0	0	0	1	0	长期债券投资/成本														长期债券投资/成本	
150202	应计利息	2	0	0	0	0			0	0	0	0	0	1	0	长期债券投资/应计利息					0	0								长期债券投资/应计利息	
160101	房屋及构筑物	2	0	0	0	0			0	0	0	0	0	1	0	固定资产/房屋及构筑物														固定资产/房屋及构筑物	
160102	专用设备	2	0	0	0	0			0	0	0	0	0	1	0	固定资产/专用设备					0	0								固定资产/专用设备	
160103	通用设备	2	0	0	0	0			0	0	0	0	0	1	0	固定资产/通用设备					0	0								固定资产/通用设备	
160104	文物和陈列品	2	0	0	0	0			0	0	0	0	0	1	0	固定资产/文物和陈列品					0	0								固定资产/文物和陈列品	
160105	图书、档案	2	0	0	0	0			0	0	0	0	0	1	0	固定资产/图书、档案					0	0								固定资产/图书、档案	
160106	家具、用具、装具及动植物	2	0	0	0	0			0	0	0	0	0	1	0	固定资产/家具、用具、装具及动植物					0	0								固定资产/家具、用具、装具及动植物	
161301	建筑安装工程投资	2	0	0	0	0			0	0	0	0	0	1	0	在建工程/建筑安装工程投资														在建工程/建筑安装工程投资	
161302	设备投资	2	0	0	0	0			0	0	0	0	0	1	0	在建工程/设备投资					0	0								在建工程/设备投资	
161303	待摊投资	2	0	0	0	0			0	0	0	0	0	1	0	在建工程/待摊投资					0	0								在建工程/待摊投资	
161304	其他投资	2	0	0	0	0			0	0	0	0	0	1	0	在建工程/其他投资					0	0								在建工程/其他投资	
161305	待核销基建支出	2	0	0	0	0			0	0	0	0	0	1	0	在建工程/待核销基建支出					0	0								在建工程/待核销基建支出	
161306	基建转出投资	2	0	0	0	0			0	0	0	0	0	1	0	在建工程/基建转出投资					0	0								在建工程/基建转出投资	
170301	研究支出	2	0	0	0	0			0	0	0	0	0	1	0	研发支出/研究支出														研发支出/研究支出	
170302	开发支出	2	0	0	0	0			0	0	0	0	0	1	0	研发支出/开发支出					0	0								研发支出/开发支出	
210101	应交税金	2	0	0	0	0			0	0	0	0	0	0	1	应交增值税/应交税金														应交增值税/应交税金	
210102	未交税金	2	0	0	0	0			0	0	0	0	0	1	1	应交增值税/未交税金					0	0								应交增值税/未交税金	
210202	教育费附加	2	0	0	0	0			0	0	0	0	0	1	1	其他应交税费/教育费附加					0	0								其他应交税费/教育费附加	
210104	待抵扣进项税额	2	0	0	0	0			0	0	0	0	0	1	1	应交增值税/待抵扣进项税额					0	0								应交增值税/待抵扣进项税额	
210105	待认证进项税额	2	0	0	0	0			0	0	0	0	0	1	1	应交增值税/待认证进项税额					0	0								应交增值税/待认证进项税额	
210106	待转销项税额	2	0	0	0	0			0	0	0	0	0	1	1	应交增值税/待转销项税额					0	0								应交增值税/待转销项税额	
210107	简易计税	2	0	0	0	0			0	0	0	0	0	1	1	应交增值税/简易计税					0	0								应交增值税/简易计税	
210108	转让金融商品应交增值税	2	0	0	0	0			0	0	0	0	0	1	1	应交增值税/转让金融商品应交增值税					0	0								应交增值税/转让金融商品应交增值税	
210109	代扣代交增值税	2	0	0	0	0			0	0	0	0	0	1	1	应交增值税/代扣代交增值税					0	0								应交增值税/代扣代交增值税	
21010107	转出多交增值税	3	0	0	0	0			0	0	0	0	0	1	0	应交增值税/应交税金/转出多交增值税					0	0								应交增值税/应交税金/转出多交增值税	
21010102	已交税金	3	0	0	0	0			0	0	0	0	0	1	1	应交增值税/应交税金/已交税金					0	0								应交增值税/应交税金/已交税金	
21010103	转出未交增值税	3	0	0	0	0			0	0	0	0	0	1	1	应交增值税/应交税金/转出未交增值税					0	0								应交增值税/应交税金/转出未交增值税	
210103	预交税金	2	0	0	0	0			0	0	0	0	0	1	0	应交增值税/预交税金					0	0								应交增值税/预交税金	
21010105	销项税额	3	0	0	0	0			0	0	0	0	0	1	1	应交增值税/应交税金/销项税额					0	0								应交增值税/应交税金/销项税额	
21010106	进项税额转出	3	0	0	0	0			0	0	0	0	0	1	1	应交增值税/应交税金/进项税额转出					0	0								应交增值税/应交税金/进项税额转出	
210201	城市维护建设税	2	0	0	0	0			0	0	0	0	0	1	1	其他应交税费/城市维护建设税														其他应交税费/城市维护建设税	
21010101	进项税额	3	0	0	0	0			0	0	0	0	0	1	0	应交增值税/应交税金/进项税额														应交增值税/应交税金/进项税额	
21010104	减免税款	3	0	0	0	0			0	0	0	0	0	1	0	应交增值税/应交税金/减免税款					0	0								应交增值税/应交税金/减免税款	
210203	地方教育费附	2	0	0	0	0			0	0	0	0	0	1	1	其他应交税费/地方教育费附					0	0								其他应交税费/地方教育费附	
210204	车船税	2	0	0	0	0			0	0	0	0	0	1	1	其他应交税费/车船税					0	0								其他应交税费/车船税	
210205	房产税	2	0	0	0	0			0	0	0	0	0	1	1	其他应交税费/房产税					0	0								其他应交税费/房产税	
210206	城镇土地使用税	2	0	0	0	0			0	0	0	0	0	1	1	其他应交税费/城镇土地使用税					0	0								其他应交税费/城镇土地使用税	
210207	企业所得税	2	0	0	0	0			0	0	0	0	0	1	1	其他应交税费/企业所得税					0	0								其他应交税费/企业所得税	
210208	单位代扣代缴的个人所得税	2	0	0	0	0			0	0	0	0	0	1	1	其他应交税费/单位代扣代缴的个人所得税					0	0								其他应交税费/单位代扣代缴的个人所得税	
220101	基本工资	2	0	0	0	0			0	0	0	0	0	1	1	应付职工薪酬/基本工资														应付职工薪酬/基本工资	
220102	国家统一规定的津贴补贴	2	0	0	0	0			0	0	0	0	0	1	1	应付职工薪酬/国家统一规定的津贴补贴					0	0								应付职工薪酬/国家统一规定的津贴补贴	
220103	规范津贴补贴	2	0	0	0	0			0	0	0	0	0	1	1	应付职工薪酬/规范津贴补贴					0	0								应付职工薪酬/规范津贴补贴	
220104	改革性补贴	2	0	0	0	0			0	0	0	0	0	1	1	应付职工薪酬/改革性补贴					0	0								应付职工薪酬/改革性补贴	
220105	社会保险费	2	0	0	0	0			0	0	0	0	0	1	1	应付职工薪酬/社会保险费					0	0								应付职工薪酬/社会保险费	
5701	利息费用	1	0	0	0	0			0	0	0	0	0	1	0	利息费用					0	0								利息费用	
220106	住房公积金	2	0	0	0	0			0	0	0	0	0	1	1	应付职工薪酬/住房公积金					0	0								应付职工薪酬/住房公积金	
220107	其他个人收入	2	0	0	0	0			0	0	0	0	0	1	1	应付职工薪酬/其他个人收入					0	0								应付职工薪酬/其他个人收入	
800101	零余额账户用款额度	2	0	0	0	0			0	0	0	0	0	1	1	资金结存/零余额账户用款额度														资金结存/零余额账户用款额度	
800103	财政应返还额度	2	0	0	0	0			0	0	0	0	0	1	1	资金结存/财政应返还额度					0	0								资金结存/财政应返还额度	
810102	归集调入	2	0	0	0	0			0	0	0	0	0	1	1	财政拨款结转/归集调入					0	0								财政拨款结转/归集调入	
810103	归集调出	2	0	0	0	0			0	0	0	0	0	1	1	财政拨款结转/归集调出					0	0								财政拨款结转/归集调出	
810104	归集上缴	2	0	0	0	0			0	0	0	0	0	1	1	财政拨款结转/归集上缴					0	0								财政拨款结转/归集上缴	
810105	单位内部调剂	2	0	0	0	0			0	0	0	0	0	1	1	财政拨款结转/单位内部调剂					0	0								财政拨款结转/单位内部调剂	
810106	本年收支结转	2	0	0	0	0			0	0	0	0	0	1	1	财政拨款结转/本年收支结转					0	0								财政拨款结转/本年收支结转	
810107	累计结转	2	0	0	0	0			0	0	0	0	0	1	1	财政拨款结转/累计结转					0	0								财政拨款结转/累计结转	
820202	缴回资金	2	0	0	0	0			0	0	0	0	0	1	1	非财政拨款结余/缴回资金					0	0								非财政拨款结余/缴回资金	
820204	本年收支结转	2	0	0	0	0			0	0	0	0	0	1	1	非财政拨款结余/本年收支结转					0	0								非财政拨款结余/本年收支结转	
810201	年初余额调整	2	0	0	0	0			0	0	0	0	0	1	1	财政拨款结余/年初余额调整														财政拨款结余/年初余额调整	
810203	单位内部调剂	2	0	0	0	0			0	0	0	0	0	1	1	财政拨款结余/单位内部调剂					0	0								财政拨款结余/单位内部调剂	
810205	累计结余	2	0	0	0	0			0	0	0	0	0	1	1	财政拨款结余/累计结余					0	0								财政拨款结余/累计结余	
610101	专项资金收入	2	0	0	0	0			0	0	0	0	0	1	1	事业预算收入/专项资金收入														事业预算收入/专项资金收入	
1214	预付账款	1	0	0	0	0			0	0	0	0	0	1	0	预付账款					0	0								预付账款	
610102	非专项资金收入	2	0	0	0	0			0	0	0	0	0	1	1	事业预算收入/非专项资金收入					0	0								事业预算收入/非专项资金收入	
620101	专项资金收入	2	0	0	0	0			0	0	0	0	0	1	1	上级补助预算收入/专项资金收入														上级补助预算收入/专项资金收入	
620102	非专项资金收入	2	0	0	0	0			0	0	0	0	0	1	1	上级补助预算收入/非专项资金收入					0	0								上级补助预算收入/非专项资金收入	
630101	专项资金收入	2	0	0	0	0			0	0	0	0	0	1	1	附属单位上缴预算收入/专项资金收入														附属单位上缴预算收入/专项资金收入	
630102	非专项资金收入	2	0	0	0	0			0	0	0	0	0	1	1	附属单位上缴预算收入/非专项资金收入					0	0								附属单位上缴预算收入/非专项资金收入	
650101	专项资金收入	2	0	0	0	0			0	0	0	0	0	1	1	债务预算收入/专项资金收入														债务预算收入/专项资金收入	
650102	非专项资金收入	2	0	0	0	0			0	0	0	0	0	1	1	债务预算收入/非专项资金收入					0	0								债务预算收入/非专项资金收入	
660101	专项资金收入	2	0	0	0	0			0	0	0	0	0	1	1	非同级财政拨款预算收入/专项资金收入														非同级财政拨款预算收入/专项资金收入	
660102	非专项资金收入	2	0	0	0	0			0	0	0	0	0	1	1	非同级财政拨款预算收入/非专项资金收入					0	0								非同级财政拨款预算收入/非专项资金收入	
710101	财政拨款支出	2	0	0	0	0			0	0	0	0	0	1	0	行政支出/财政拨款支出														行政支出/财政拨款支出	
79010102	非财政专项资金支出	3	0	0	0	0			0	0	0	0	0	1	0	其他支出/利息支出/非财政专项资金支出					0	0								其他支出/利息支出/非财政专项资金支出	
710103	其他资金支出	2	0	0	0	0			0	0	0	0	0	1	0	行政支出/其他资金支出					0	0								行政支出/其他资金支出	
720101	财政拨款支出	2	0	0	0	0			0	0	0	0	0	1	0	事业支出/财政拨款支出														事业支出/财政拨款支出	
79010201	财政拨款支出	3	0	0	0	0			0	0	0	0	0	1	0	其他支出/对外捐赠现金支出/财政拨款支出														其他支出/对外捐赠现金支出/财政拨款支出	
720103	其他资金支出	2	0	0	0	0			0	0	0	0	0	1	0	事业支出/其他资金支出					0	0								事业支出/其他资金支出	
66090101	专项资金收入	3	0	0	0	0			0	0	0	0	0	1	1	其他预算收入/捐赠预算收入/专项资金收入														其他预算收入/捐赠预算收入/专项资金收入	
66090102	非专项资金收入	3	0	0	0	0			0	0	0	0	0	1	1	其他预算收入/捐赠预算收入/非专项资金收入					0	0								其他预算收入/捐赠预算收入/非专项资金收入	
66090201	专项资金收入	3	0	0	0	0			0	0	0	0	0	1	1	其他预算收入/利息预算收入/专项资金收入														其他预算收入/利息预算收入/专项资金收入	
66090202	非专项资金收入	3	0	0	0	0			0	0	0	0	0	1	1	其他预算收入/利息预算收入/非专项资金收入					0	0								其他预算收入/利息预算收入/非专项资金收入	
66090301	专项资金收入	3	0	0	0	0			0	0	0	0	0	1	1	其他预算收入/租金预算收入/专项资金收入														其他预算收入/租金预算收入/专项资金收入	
66090302	非专项资金收入	3	0	0	0	0			0	0	0	0	0	1	1	其他预算收入/租金预算收入/非专项资金收入					0	0								其他预算收入/租金预算收入/非专项资金收入	
66090401	专项资金收入	3	0	0	0	0			0	0	0	0	0	1	1	其他预算收入/现金盘盈收入/专项资金收入														其他预算收入/现金盘盈收入/专项资金收入	
66090402	非专项资金收入	3	0	0	0	0			0	0	0	0	0	1	1	其他预算收入/现金盘盈收入/非专项资金收入					0	0								其他预算收入/现金盘盈收入/非专项资金收入	
710102	非财政专项资金支出	2	0	0	0	0			0	0	0	0	0	1	0	行政支出/非财政专项资金支出					0	0								行政支出/非财政专项资金支出	
720102	非财政专项资金支出	2	0	0	0	0			0	0	0	0	0	1	0	事业支出/非财政专项资金支出					0	0								事业支出/非财政专项资金支出	
79010101	财政拨款支出	3	0	0	0	0			0	0	0	0	0	1	0	其他支出/利息支出/财政拨款支出														其他支出/利息支出/财政拨款支出	
79010103	其他资金支出	3	0	0	0	0			0	0	0	0	0	1	0	其他支出/利息支出/其他资金支出					0	0								其他支出/利息支出/其他资金支出	
79010202	非财政专项资金支出	3	0	0	0	0			0	0	0	0	0	1	0	其他支出/对外捐赠现金支出/非财政专项资金支出					0	0								其他支出/对外捐赠现金支出/非财政专项资金支出	
79010303	其他资金支出	3	0	0	0	0			0	0	0	0	0	1	0	其他支出/现金盘亏损失/其他资金支出					0	0								其他支出/现金盘亏损失/其他资金支出	
79010301	财政拨款支出	3	0	0	0	0			0	0	0	0	0	1	0	其他支出/现金盘亏损失/财政拨款支出														其他支出/现金盘亏损失/财政拨款支出	
79010302	非财政专项资金支出	3	0	0	0	0			0	0	0	0	0	1	0	其他支出/现金盘亏损失/非财政专项资金支出					0	0								其他支出/现金盘亏损失/非财政专项资金支出	
79010603	其他资金支出	3	0	0	0	0			0	0	0	0	0	1	0	其他支出/罚没支出/其他资金支出					0	0								其他支出/罚没支出/其他资金支出	
79010401	财政拨款支出	3	0	0	0	0			0	0	0	0	0	1	0	其他支出/接收捐赠和对外捐赠非现金资产的税费支出/财政拨款支出														其他支出/接收捐赠和对外捐赠非现金资产的税费支出/财政拨款支出	
79010402	非财政专项资金支出	3	0	0	0	0			0	0	0	0	0	1	0	其他支出/接收捐赠和对外捐赠非现金资产的税费支出/非财政专项资金支出					0	0								其他支出/接收捐赠和对外捐赠非现金资产的税费支出/非财政专项资金支出	
820102	缴回资金	2	0	0	0	0			0	0	0	0	0	1	1	非财政拨款结转/缴回资金					0	0								非财政拨款结转/缴回资金	
79010501	财政拨款支出	3	0	0	0	0			0	0	0	0	0	1	0	其他支出/资产置换产生的税费支出/财政拨款支出														其他支出/资产置换产生的税费支出/财政拨款支出	
79010502	非财政专项资金支出	3	0	0	0	0			0	0	0	0	0	1	0	其他支出/资产置换产生的税费支出/非财政专项资金支出					0	0								其他支出/资产置换产生的税费支出/非财政专项资金支出	
820104	本年收支结转	2	0	0	0	0			0	0	0	0	0	1	1	非财政拨款结转/本年收支结转					0	0								非财政拨款结转/本年收支结转	
79010601	财政拨款支出	3	0	0	0	0			0	0	0	0	0	1	0	其他支出/罚没支出/财政拨款支出														其他支出/罚没支出/财政拨款支出	
79010602	非财政专项资金支出	3	0	0	0	0			0	0	0	0	0	1	0	其他支出/罚没支出/非财政专项资金支出					0	0								其他支出/罚没支出/非财政专项资金支出	
820201	年初余额调整	2	0	0	0	0			0	0	0	0	0	1	1	非财政拨款结余/年初余额调整														非财政拨款结余/年初余额调整	
79010203	其他资金支出	3	0	0	0	0			0	0	0	0	0	1	0	其他支出/对外捐赠现金支出/其他资金支出					0	0								其他支出/对外捐赠现金支出/其他资金支出	
820203	项目间接费用或管理费	2	0	0	0	0			0	0	0	0	0	1	1	非财政拨款结余/项目间接费用或管理费					0	0								非财政拨款结余/项目间接费用或管理费	
79010403	其他资金支出	3	0	0	0	0			0	0	0	0	0	1	0	其他支出/接收捐赠和对外捐赠非现金资产的税费支出/其他资金支出					0	0								其他支出/接收捐赠和对外捐赠非现金资产的税费支出/其他资金支出	
79010503	其他资金支出	3	0	0	0	0			0	0	0	0	0	1	0	其他支出/资产置换产生的税费支出/其他资金支出					0	0								其他支出/资产置换产生的税费支出/其他资金支出	
820101	年初余额调整	2	0	0	0	0			0	0	0	0	0	1	1	非财政拨款结转/年初余额调整														非财政拨款结转/年初余额调整	
820103	项目间接费用或管理费	2	0	0	0	0			0	0	0	0	0	1	1	非财政拨款结转/项目间接费用或管理费					0	0								非财政拨款结转/项目间接费用或管理费	
820105	累计结转	2	0	0	0	0			0	0	0	0	0	1	1	非财政拨款结转/累计结转					0	0								非财政拨款结转/累计结转	
820205	累计结转	2	0	0	0	0			0	0	0	0	0	1	1	非财政拨款结余/累计结转					0	0								非财政拨款结余/累计结转	
810202	归集上缴	2	0	0	0	0			0	0	0	0	0	1	1	财政拨款结余/归集上缴					0	0								财政拨款结余/归集上缴	
810204	结转转入	2	0	0	0	0			0	0	0	0	0	1	1	财政拨款结余/结转转入					0	0								财政拨款结余/结转转入	
