1001	BWB	0	0	0	0	0	0	1	0	0	0	0	0	2026
120101	BWB	0	0	0	0	1	0	2	0	0	0	0	0	2026
1216	BWB	0	0	0	0	1	0	1	0	0	0	0	0	2026
1302	BWB	0	0	0	0	1	0	1	0	0	0	0	0	2026
1502	BWB	0	0	0	0	0	0	1	0	0	0	0	0	2026
1613	BWB	0	0	0	0	0	0	1	0	0	0	0	0	2026
1801	BWB	0	0	0	0	1	0	1	0	0	0	0	0	2026
1802	BWB	0	0	0	0	1	0	1	0	0	0	0	0	2026
1832	BWB	0	0	0	0	1	0	1	0	0	0	0	0	2026
2001	BWB	0	0	0	0	1	0	1	0	0	0	0	0	2026
2301	BWB	0	0	0	0	1	0	1	0	0	0	0	0	2026
1212	BWB	0	0	0	0	1	0	1	0	0	0	0	0	2026
2401	BWB	0	0	0	0	1	0	1	0	0	0	0	0	2026
1002	BWB	0	0	0	0	0	0	1	0	0	0	0	0	2026
1201	BWB	0	0	0	0	0	0	1	0	0	0	0	0	2026
1215	BWB	0	0	0	0	1	0	1	0	0	0	0	0	2026
1301	BWB	0	0	0	0	1	0	1	0	0	0	0	0	2026
1501	BWB	0	0	0	0	1	0	1	0	0	0	0	0	2026
1611	BWB	0	0	0	0	1	0	1	0	0	0	0	0	2026
1703	BWB	0	0	0	0	0	0	1	0	0	0	0	0	2026
2101	BWB	0	0	0	0	0	0	1	0	0	0	0	0	2026
1811	BWB	0	0	0	0	1	0	1	0	0	0	0	0	2026
1831	BWB	0	0	0	0	1	0	1	0	0	0	0	0	2026
1891	BWB	0	0	0	0	1	0	1	0	0	0	0	0	2026
1902	BWB	0	0	0	0	1	0	1	0	0	0	0	0	2026
2102	BWB	0	0	0	0	0	0	1	0	0	0	0	0	2026
2201	BWB	0	0	0	0	0	0	1	0	0	0	0	0	2026
2302	BWB	0	0	0	0	1	0	1	0	0	0	0	0	2026
2304	BWB	0	0	0	0	1	0	1	0	0	0	0	0	2026
2501	BWB	0	0	0	0	1	0	1	0	0	0	0	0	2026
1101	BWB	0	0	0	0	1	0	1	0	0	0	0	0	2026
1211	BWB	0	0	0	0	1	0	1	0	0	0	0	0	2026
1219	BWB	0	0	0	0	1	0	1	0	0	0	0	0	2026
1401	BWB	0	0	0	0	1	0	1	0	0	0	0	0	2026
1602	BWB	0	0	0	0	1	0	1	0	0	0	0	0	2026
1702	BWB	0	0	0	0	1	0	1	0	0	0	0	0	2026
660901	BWB	0	0	0	0	0	0	2	0	0	0	0	0	2026
1821	BWB	0	0	0	0	1	0	1	0	0	0	0	0	2026
1901	BWB	0	0	0	0	1	0	1	0	0	0	0	0	2026
2103	BWB	0	0	0	0	1	0	1	0	0	0	0	0	2026
2303	BWB	0	0	0	0	1	0	1	0	0	0	0	0	2026
2305	BWB	0	0	0	0	1	0	1	0	0	0	0	0	2026
2502	BWB	0	0	0	0	1	0	1	0	0	0	0	0	2026
1021	BWB	0	0	0	0	0	0	1	0	0	0	0	0	2026
120102	BWB	0	0	0	0	1	0	2	0	0	0	0	0	2026
1218	BWB	0	0	0	0	1	0	1	0	0	0	0	0	2026
1303	BWB	0	0	0	0	0	0	1	0	0	0	0	0	2026
1601	BWB	0	0	0	0	0	0	1	0	0	0	0	0	2026
1701	BWB	0	0	0	0	1	0	1	0	0	0	0	0	2026
2307	BWB	0	0	0	0	1	0	1	0	0	0	0	0	2026
2601	BWB	0	0	0	0	1	0	1	0	0	0	0	0	2026
2901	BWB	0	0	0	0	1	0	1	0	0	0	0	0	2026
3001	BWB	0	0	0	0	1	0	1	0	0	0	0	0	2026
3101	BWB	0	0	0	0	1	0	1	0	0	0	0	0	2026
3201	BWB	0	0	0	0	1	0	1	0	0	0	0	0	2026
3301	BWB	0	0	0	0	1	0	1	0	0	0	0	0	2026
3302	BWB	0	0	0	0	1	0	1	0	0	0	0	0	2026
3401	BWB	0	0	0	0	1	0	1	0	0	0	0	0	2026
3501	BWB	0	0	0	0	1	0	1	0	0	0	0	0	2026
800102	BWB	0	0	0	0	1	0	2	0	0	0	0	0	2026
60010102	BWB	0	0	0	0	1	0	3	0	0	0	0	0	2026
600102	BWB	0	0	0	0	1	0	2	0	0	0	0	0	2026
4101	BWB	0	0	0	0	1	0	1	0	0	0	0	0	2026
4201	BWB	0	0	0	0	1	0	1	0	0	0	0	0	2026
4301	BWB	0	0	0	0	1	0	1	0	0	0	0	0	2026
4401	BWB	0	0	0	0	1	0	1	0	0	0	0	0	2026
4601	BWB	0	0	0	0	1	0	1	0	0	0	0	0	2026
4602	BWB	0	0	0	0	1	0	1	0	0	0	0	0	2026
4603	BWB	0	0	0	0	1	0	1	0	0	0	0	0	2026
4604	BWB	0	0	0	0	1	0	1	0	0	0	0	0	2026
4605	BWB	0	0	0	0	1	0	1	0	0	0	0	0	2026
4609	BWB	0	0	0	0	1	0	1	0	0	0	0	0	2026
5001	BWB	0	0	0	0	1	0	1	0	0	0	0	0	2026
5101	BWB	0	0	0	0	1	0	1	0	0	0	0	0	2026
5201	BWB	0	0	0	0	1	0	1	0	0	0	0	0	2026
5301	BWB	0	0	0	0	1	0	1	0	0	0	0	0	2026
5401	BWB	0	0	0	0	1	0	1	0	0	0	0	0	2026
5501	BWB	0	0	0	0	1	0	1	0	0	0	0	0	2026
5801	BWB	0	0	0	0	1	0	1	0	0	0	0	0	2026
5901	BWB	0	0	0	0	1	0	1	0	0	0	0	0	2026
6001	BWB	0	0	0	0	0	0	1	0	0	0	0	0	2026
6101	BWB	0	0	0	0	0	0	1	0	0	0	0	0	2026
6201	BWB	0	0	0	0	0	0	1	0	0	0	0	0	2026
6301	BWB	0	0	0	0	0	0	1	0	0	0	0	0	2026
6401	BWB	0	0	0	0	1	0	1	0	0	0	0	0	2026
6501	BWB	0	0	0	0	0	0	1	0	0	0	0	0	2026
6601	BWB	0	0	0	0	0	0	1	0	0	0	0	0	2026
6602	BWB	0	0	0	0	1	0	1	0	0	0	0	0	2026
6609	BWB	0	0	0	0	0	0	1	0	0	0	0	0	2026
7101	BWB	0	0	0	0	0	0	1	0	0	0	0	0	2026
7201	BWB	0	0	0	0	0	0	1	0	0	0	0	0	2026
7301	BWB	0	0	0	0	1	0	1	0	0	0	0	0	2026
7401	BWB	0	0	0	0	1	0	1	0	0	0	0	0	2026
7501	BWB	0	0	0	0	1	0	1	0	0	0	0	0	2026
7601	BWB	0	0	0	0	1	0	1	0	0	0	0	0	2026
7701	BWB	0	0	0	0	1	0	1	0	0	0	0	0	2026
7901	BWB	0	0	0	0	0	0	1	0	0	0	0	0	2026
8001	BWB	0	0	0	0	0	0	1	0	0	0	0	0	2026
8101	BWB	0	0	0	0	0	0	1	0	0	0	0	0	2026
8102	BWB	0	0	0	0	0	0	1	0	0	0	0	0	2026
8201	BWB	0	0	0	0	0	0	1	0	0	0	0	0	2026
8202	BWB	0	0	0	0	0	0	1	0	0	0	0	0	2026
8301	BWB	0	0	0	0	1	0	1	0	0	0	0	0	2026
8401	BWB	0	0	0	0	1	0	1	0	0	0	0	0	2026
8501	BWB	0	0	0	0	1	0	1	0	0	0	0	0	2026
8701	BWB	0	0	0	0	1	0	1	0	0	0	0	0	2026
4001	BWB	0	0	0	0	0	0	1	0	0	0	0	0	2026
400102	BWB	0	0	0	0	1	0	2	0	0	0	0	0	2026
600101	BWB	0	0	0	0	0	0	2	0	0	0	0	0	2026
60010101	BWB	0	0	0	0	1	0	3	0	0	0	0	0	2026
660902	BWB	0	0	0	0	0	0	2	0	0	0	0	0	2026
660903	BWB	0	0	0	0	0	0	2	0	0	0	0	0	2026
660904	BWB	0	0	0	0	0	0	2	0	0	0	0	0	2026
790101	BWB	0	0	0	0	0	0	2	0	0	0	0	0	2026
790103	BWB	0	0	0	0	0	0	2	0	0	0	0	0	2026
790102	BWB	0	0	0	0	0	0	2	0	0	0	0	0	2026
790106	BWB	0	0	0	0	0	0	2	0	0	0	0	0	2026
790104	BWB	0	0	0	0	0	0	2	0	0	0	0	0	2026
790105	BWB	0	0	0	0	0	0	2	0	0	0	0	0	2026
400101	BWB	0	0	0	0	1	0	2	0	0	0	0	0	2026
810101	BWB	0	0	0	0	1	0	2	0	0	0	0	0	2026
100201	BWB	0	0	0	0	1	0	2	0	0	0	0	0	2026
1011	BWB	0	0	0	0	1	0	1	0	0	0	0	0	2026
102102	BWB	0	0	0	0	1	0	2	0	0	0	0	0	2026
102104	BWB	0	0	0	0	1	0	2	0	0	0	0	0	2026
102103	BWB	0	0	0	0	1	0	2	0	0	0	0	0	2026
130301	BWB	0	0	0	0	0	0	2	0	0	0	0	0	2026
130302	BWB	0	0	0	0	1	0	2	0	0	0	0	0	2026
13030101	BWB	0	0	0	0	1	0	3	0	0	0	0	0	2026
100101	BWB	0	0	0	0	1	0	2	0	0	0	0	0	2026
100102	BWB	0	0	0	0	1	0	2	0	0	0	0	0	2026
100202	BWB	0	0	0	0	1	0	2	0	0	0	0	0	2026
102101	BWB	0	0	0	0	1	0	2	0	0	0	0	0	2026
13030102	BWB	0	0	0	0	1	0	3	0	0	0	0	0	2026
13030103	BWB	0	0	0	0	1	0	3	0	0	0	0	0	2026
13030104	BWB	0	0	0	0	1	0	3	0	0	0	0	0	2026
150201	BWB	0	0	0	0	1	0	2	0	0	0	0	0	2026
150202	BWB	0	0	0	0	1	0	2	0	0	0	0	0	2026
160101	BWB	0	0	0	0	1	0	2	0	0	0	0	0	2026
160102	BWB	0	0	0	0	1	0	2	0	0	0	0	0	2026
160103	BWB	0	0	0	0	1	0	2	0	0	0	0	0	2026
160104	BWB	0	0	0	0	1	0	2	0	0	0	0	0	2026
160105	BWB	0	0	0	0	1	0	2	0	0	0	0	0	2026
160106	BWB	0	0	0	0	1	0	2	0	0	0	0	0	2026
161301	BWB	0	0	0	0	1	0	2	0	0	0	0	0	2026
161302	BWB	0	0	0	0	1	0	2	0	0	0	0	0	2026
161303	BWB	0	0	0	0	1	0	2	0	0	0	0	0	2026
161304	BWB	0	0	0	0	1	0	2	0	0	0	0	0	2026
161305	BWB	0	0	0	0	1	0	2	0	0	0	0	0	2026
161306	BWB	0	0	0	0	1	0	2	0	0	0	0	0	2026
170301	BWB	0	0	0	0	1	0	2	0	0	0	0	0	2026
170302	BWB	0	0	0	0	1	0	2	0	0	0	0	0	2026
210101	BWB	0	0	0	0	0	0	2	0	0	0	0	0	2026
210102	BWB	0	0	0	0	1	0	2	0	0	0	0	0	2026
210202	BWB	0	0	0	0	1	0	2	0	0	0	0	0	2026
210104	BWB	0	0	0	0	1	0	2	0	0	0	0	0	2026
210105	BWB	0	0	0	0	1	0	2	0	0	0	0	0	2026
210106	BWB	0	0	0	0	1	0	2	0	0	0	0	0	2026
210107	BWB	0	0	0	0	1	0	2	0	0	0	0	0	2026
210108	BWB	0	0	0	0	1	0	2	0	0	0	0	0	2026
210109	BWB	0	0	0	0	1	0	2	0	0	0	0	0	2026
21010107	BWB	0	0	0	0	1	0	3	0	0	0	0	0	2026
21010102	BWB	0	0	0	0	1	0	3	0	0	0	0	0	2026
21010103	BWB	0	0	0	0	1	0	3	0	0	0	0	0	2026
210103	BWB	0	0	0	0	1	0	2	0	0	0	0	0	2026
21010105	BWB	0	0	0	0	1	0	3	0	0	0	0	0	2026
21010106	BWB	0	0	0	0	1	0	3	0	0	0	0	0	2026
210201	BWB	0	0	0	0	1	0	2	0	0	0	0	0	2026
21010101	BWB	0	0	0	0	1	0	3	0	0	0	0	0	2026
21010104	BWB	0	0	0	0	1	0	3	0	0	0	0	0	2026
210203	BWB	0	0	0	0	1	0	2	0	0	0	0	0	2026
210204	BWB	0	0	0	0	1	0	2	0	0	0	0	0	2026
210205	BWB	0	0	0	0	1	0	2	0	0	0	0	0	2026
210206	BWB	0	0	0	0	1	0	2	0	0	0	0	0	2026
210207	BWB	0	0	0	0	1	0	2	0	0	0	0	0	2026
210208	BWB	0	0	0	0	1	0	2	0	0	0	0	0	2026
220101	BWB	0	0	0	0	1	0	2	0	0	0	0	0	2026
220102	BWB	0	0	0	0	1	0	2	0	0	0	0	0	2026
220103	BWB	0	0	0	0	1	0	2	0	0	0	0	0	2026
220104	BWB	0	0	0	0	1	0	2	0	0	0	0	0	2026
220105	BWB	0	0	0	0	1	0	2	0	0	0	0	0	2026
5701	BWB	0	0	0	0	1	0	1	0	0	0	0	0	2026
220106	BWB	0	0	0	0	1	0	2	0	0	0	0	0	2026
220107	BWB	0	0	0	0	1	0	2	0	0	0	0	0	2026
800101	BWB	0	0	0	0	1	0	2	0	0	0	0	0	2026
800103	BWB	0	0	0	0	1	0	2	0	0	0	0	0	2026
810102	BWB	0	0	0	0	1	0	2	0	0	0	0	0	2026
810103	BWB	0	0	0	0	1	0	2	0	0	0	0	0	2026
810104	BWB	0	0	0	0	1	0	2	0	0	0	0	0	2026
810105	BWB	0	0	0	0	1	0	2	0	0	0	0	0	2026
810106	BWB	0	0	0	0	1	0	2	0	0	0	0	0	2026
810107	BWB	0	0	0	0	1	0	2	0	0	0	0	0	2026
820202	BWB	0	0	0	0	1	0	2	0	0	0	0	0	2026
820204	BWB	0	0	0	0	1	0	2	0	0	0	0	0	2026
810201	BWB	0	0	0	0	1	0	2	0	0	0	0	0	2026
810203	BWB	0	0	0	0	1	0	2	0	0	0	0	0	2026
810205	BWB	0	0	0	0	1	0	2	0	0	0	0	0	2026
610101	BWB	0	0	0	0	1	0	2	0	0	0	0	0	2026
1214	BWB	0	0	0	0	1	0	1	0	0	0	0	0	2026
610102	BWB	0	0	0	0	1	0	2	0	0	0	0	0	2026
620101	BWB	0	0	0	0	1	0	2	0	0	0	0	0	2026
620102	BWB	0	0	0	0	1	0	2	0	0	0	0	0	2026
630101	BWB	0	0	0	0	1	0	2	0	0	0	0	0	2026
630102	BWB	0	0	0	0	1	0	2	0	0	0	0	0	2026
650101	BWB	0	0	0	0	1	0	2	0	0	0	0	0	2026
650102	BWB	0	0	0	0	1	0	2	0	0	0	0	0	2026
660101	BWB	0	0	0	0	1	0	2	0	0	0	0	0	2026
660102	BWB	0	0	0	0	1	0	2	0	0	0	0	0	2026
710101	BWB	0	0	0	0	1	0	2	0	0	0	0	0	2026
79010102	BWB	0	0	0	0	1	0	3	0	0	0	0	0	2026
710103	BWB	0	0	0	0	1	0	2	0	0	0	0	0	2026
720101	BWB	0	0	0	0	1	0	2	0	0	0	0	0	2026
79010201	BWB	0	0	0	0	1	0	3	0	0	0	0	0	2026
720103	BWB	0	0	0	0	1	0	2	0	0	0	0	0	2026
66090101	BWB	0	0	0	0	1	0	3	0	0	0	0	0	2026
66090102	BWB	0	0	0	0	1	0	3	0	0	0	0	0	2026
66090201	BWB	0	0	0	0	1	0	3	0	0	0	0	0	2026
66090202	BWB	0	0	0	0	1	0	3	0	0	0	0	0	2026
66090301	BWB	0	0	0	0	1	0	3	0	0	0	0	0	2026
66090302	BWB	0	0	0	0	1	0	3	0	0	0	0	0	2026
66090401	BWB	0	0	0	0	1	0	3	0	0	0	0	0	2026
66090402	BWB	0	0	0	0	1	0	3	0	0	0	0	0	2026
710102	BWB	0	0	0	0	1	0	2	0	0	0	0	0	2026
720102	BWB	0	0	0	0	1	0	2	0	0	0	0	0	2026
79010101	BWB	0	0	0	0	1	0	3	0	0	0	0	0	2026
79010103	BWB	0	0	0	0	1	0	3	0	0	0	0	0	2026
79010202	BWB	0	0	0	0	1	0	3	0	0	0	0	0	2026
79010303	BWB	0	0	0	0	1	0	3	0	0	0	0	0	2026
79010301	BWB	0	0	0	0	1	0	3	0	0	0	0	0	2026
79010302	BWB	0	0	0	0	1	0	3	0	0	0	0	0	2026
79010603	BWB	0	0	0	0	1	0	3	0	0	0	0	0	2026
79010401	BWB	0	0	0	0	1	0	3	0	0	0	0	0	2026
79010402	BWB	0	0	0	0	1	0	3	0	0	0	0	0	2026
820102	BWB	0	0	0	0	1	0	2	0	0	0	0	0	2026
79010501	BWB	0	0	0	0	1	0	3	0	0	0	0	0	2026
79010502	BWB	0	0	0	0	1	0	3	0	0	0	0	0	2026
820104	BWB	0	0	0	0	1	0	2	0	0	0	0	0	2026
79010601	BWB	0	0	0	0	1	0	3	0	0	0	0	0	2026
79010602	BWB	0	0	0	0	1	0	3	0	0	0	0	0	2026
820201	BWB	0	0	0	0	1	0	2	0	0	0	0	0	2026
79010203	BWB	0	0	0	0	1	0	3	0	0	0	0	0	2026
820203	BWB	0	0	0	0	1	0	2	0	0	0	0	0	2026
79010403	BWB	0	0	0	0	1	0	3	0	0	0	0	0	2026
79010503	BWB	0	0	0	0	1	0	3	0	0	0	0	0	2026
820101	BWB	0	0	0	0	1	0	2	0	0	0	0	0	2026
820103	BWB	0	0	0	0	1	0	2	0	0	0	0	0	2026
820105	BWB	0	0	0	0	1	0	2	0	0	0	0	0	2026
820205	BWB	0	0	0	0	1	0	2	0	0	0	0	0	2026
810202	BWB	0	0	0	0	1	0	2	0	0	0	0	0	2026
810204	BWB	0	0	0	0	1	0	2	0	0	0	0	0	2026
