1	资产负债表(已执行新金融、收入准则)	50	8	1	1
3	资产负债表(尚未执行新金融、收入准则)	47	8	1	1
4	资产负债表(尚未执行新金融，简化往来取数)	47	8	1	1
5	利润表(已执行新金融、收入准则)	52	4	1	1
6	利润表(已执行新金融，本月和本年累计)	52	4	1	1
7	利润表(已执行新金融，季报)	52	4	1	1
8	利润表(尚未执行新金融、收入准则)	46	4	1	1
9	利润表(尚未执行新金融，本月和本年累计)	46	4	1	1
10	利润表(尚未执行新金融，季报)	46	4	1	1
11	现金流量表	75	3	1	1
12	现金流量表(本期、上期)	45	4	1	1
13	现金流量表(月报)	45	4	1	1
14	现金流量表(季报)	45	4	1	1
15	所有者权益(股东权益)变动表	35	16	1	1
16	利润分配表	23	4	1	1
17	企业所得税申报表	43	6	1	1
18	收入明细分析表(内部报表)	20	6	1	1
19	应交增值税明细表	28	4	1	1
20	深圳国税报税接口标准报表	164	16	1	1
21	会计账簿	11	10	1	1
22	资产负债表(2018停用)	48	8	1	1
23	资产负债表(2018停用，简化往来取数)	48	8	1	1
24	利润表(2018停用)	42	4	1	1
25	利润表(2018停用，本月和本年累计)	42	4	1	1
26	利润表(2018停用，季报)	36	4	1	1
27	资产负债表(2017停用)	42	8	1	1
28	资产负债表(2017停用，简化往来取数)	42	8	1	1
29	资产负债表(2017停用 ,分12个月)	85	15	1	1
30	利润表(2017停用)	26	4	1	1
31	利润表(2017停用，本月和本年累计)	26	4	1	1
32	利润表(2017停用，季报)	26	4	1	1
33	利润表(2017停用,分12个月)	24	15	1	1
51	资产负债表(已执行,画线)	50	9	1	
52	资产负债表(尚未执行,画线)	47	8	1	
53	利润表(已执行,画线)	52	4	1	
54	利润表(未执行,画线)	45	5	1	
55	现金流量表(画线)	75	4	1	
2	资产负债表(已执行新金融，简化往来取数)	50	8	1	1
