60	2		年度结转	本年利润转利润分配		4103	0	0
10	2		转收入	收入转本年利润		6051	0	0
10	2		转收入	收入转本年利润		6111	0	0
30	2		转营业成本	成本转本年利润		6401	0	0
20	2		转费用	费用转本年利润		6405	0	0
10	2		转收入	转其他收益		6561	0	0
20	2		转费用	费用转本年利润		6602	0	0
20	2		转费用	费用转本年利润		6604	0	0
30	2		转营业成本	成本转本年利润		6711	0	0
50	2		转损益调整	转以前年度损益调整		6901	0	0
40	2		转所得税	结转所得税	4103		0	0
10	2		转收入	收入转本年利润	4103		0	0
50	2		转损益调整	转以前年度损益调整	4104015		0	0
10	2		转收入	收入转本年利润		6001	0	0
10	2		转收入	收入转本年利润		6101	0	0
10	2		转收入	收入转本年利润		6301	0	0
30	2		转营业成本	成本转本年利润		6402	0	0
10	2		转收入	转资产处置收益		6551	0	0
20	2		转费用	费用转本年利润		6601	0	0
20	2		转费用	费用转本年利润		6603	0	0
20	2		转费用	费用转本年利润		6701	0	0
40	2		转所得税	结转所得税		6801	0	0
20	2		转费用	费用转本年利润		6702	0	0
20	2		转费用	费用转本年利润	4103		0	0
30	2		转营业成本	成本转本年利润	4103		0	0
60	2		年度结转	本年利润转利润分配	4104015		0	0
