4201	库存股	1	0	0	0	0			0	0	0	0	0	1	0	库存股					0	0								库存股	
1607	在建工程减值准备	1	0	0	0	0			0	0	0	0	0	1	1	在建工程减值准备					0	0								在建工程减值准备	
1529	其他债权投资	1	0	0	0	0			0	0	0	0	0	1	0	其他债权投资					0	0								其他债权投资	
6604	研发费用	1	0	0	0	0			0	0	0	0	0	1	0	研发费用					0	0								研发费用	
1703	无形资产减值准备	1	0	0	0	0			0	0	0	0	0	1	1	无形资产减值准备					0	0								无形资产减值准备	
2221021	代扣代交增值税	2	0	0	0	0			0	0	0	0	0	1	1	应交税费/代扣代交增值税					0	0								应交税费/代扣代交增值税	
4401	其他权益工具	1	0	0	0	0			0	0	0	0	0	0	1	其他权益工具					0	0								其他权益工具	
1621	生产性生物资产	1	0	0	0	0			0	0	0	0	0	1	0	生产性生物资产					0	0								生产性生物资产	
1523002	利息调整	2	0	0	0	0			0	0	0	0	0	1	0	可供出售金融资产/利息调整					0	0								可供出售金融资产/利息调整	
1622	生产性生物资产累计折旧	1	0	0	0	0			0	0	0	0	0	1	1	生产性生物资产累计折旧					0	0								生产性生物资产累计折旧	
1523001	成本	2	0	0	0	0			0	0	0	0	0	1	0	可供出售金融资产/成本					0	0								可供出售金融资产/成本	
1121	应收票据	1	0	0	0	0			0	0	0	0	0	1	0	应收票据					0	0								应收票据	
1015001	外埠存款	2	0	0	0	0			0	0	0	0	0	1	0	其他货币资金/外埠存款					0	1								其他货币资金/外埠存款	
1402	在途物资	1	0	0	0	0			0	0	0	0	0	1	0	在途物资					0	0								在途物资	
1523	可供出售金融资产	1	0	0	0	0			0	0	0	0	0	0	0	可供出售金融资产					0	0								可供出售金融资产	
1321	代理业务资产	1	0	0	0	0			0	0	0	0	0	1	0	代理业务资产					0	0								代理业务资产	
1101	交易性金融资产	1	0	0	0	0			0	0	0	0	0	0	0	交易性金融资产					0	0								交易性金融资产	
1302	持有待售资产减值准备	1	0	0	0	0			0	0	0	0	0	1	1	持有待售资产减值准备					0	0								持有待售资产减值准备	
1231	其他应收款	1	0	0	0	0			0	0	0	0	0	1	0	其他应收款					0	0								其他应收款	
1524	长期股权投资	1	0	0	0	0			0	0	0	0	0	0	0	长期股权投资					0	0								长期股权投资	
1521	持有到期投资	1	0	0	0	0			0	0	0	0	0	1	0	持有到期投资					0	0								持有到期投资	
1131	应收股利	1	0	0	0	0			0	0	0	0	0	1	0	应收股利					0	0								应收股利	
1401	材料采购	1	0	0	0	0			0	0	0	0	0	1	0	材料采购					0	0								材料采购	
1122	应收账款	1	0	0	0	0			0	0	0	0	0	1	0	应收账款					0	0								应收账款	
1123	预付账款	1	0	0	0	0			0	0	0	0	0	1	0	预付账款					0	0								预付账款	
1404	材料成本差异	1	0	0	0	0			0	0	0	0	0	1	0	材料成本差异					0	0								材料成本差异	
1001	库存现金	1	0	0	0	0			0	0	0	0	0	1	0	库存现金					0	1								库存现金	
1527	债权投资	1	0	0	0	0			0	0	0	0	0	1	0	债权投资					0	0								债权投资	
1461	存货跌价准备	1	0	0	0	0			0	0	0	0	0	1	1	存货跌价准备					0	0								存货跌价准备	
6603001	手续费	2	0	0	0	0			0	0	0	0	0	1	0	财务费用/手续费					0	0								财务费用/手续费	
2221017	待转销项税额	2	0	0	0	0			0	0	0	0	0	1	1	应交税费/待转销项税额					0	0								应交税费/待转销项税额	
6405	税金及附加	1	0	0	0	0			0	0	0	0	0	1	0	税金及附加					0	0								税金及附加	
4402	其他综合收益	1	0	0	0	0			0	0	0	0	0	1	1	其他综合收益					0	0								其他综合收益	
6561	其他收益	1	0	0	0	0			0	0	0	0	0	1	1	其他收益					0	0								其他收益	
1407	发出商品	1	0	0	0	0			0	0	0	0	0	1	0	发出商品					0	0								发出商品	
6551	资产处置损益	1	0	0	0	0			0	0	0	0	0	1	1	资产处置损益					0	0								资产处置损益	
2271	租赁负债	1	0	0	0	0			0	0	0	0	0	0	1	租赁负债					0	0								租赁负债	
1412	包装物及低值易耗品	1	0	0	0	0			0	0	0	0	0	1	0	包装物及低值易耗品					0	0								包装物及低值易耗品	
1702	累计摊销	1	0	0	0	0			0	0	0	0	0	1	1	累计摊销					0	0								累计摊销	
2221015	待抵扣进项税额	2	0	0	0	0			0	0	0	0	0	1	1	应交税费/待抵扣进项税额					0	0								应交税费/待抵扣进项税额	
2221019	简易计税	2	0	0	0	0			0	0	0	0	0	1	1	应交税费/简易计税					0	0								应交税费/简易计税	
2221001010	销项税额抵减	3	0	0	0	0			0	0	0	0	0	1	1	应交税费/应交增值税/销项税额抵减					0	0								应交税费/应交增值税/销项税额抵减	
2602001	优先股	2	0	0	0	0			0	0	0	0	0	1	1	应付债券/优先股					0	0								应付债券/优先股	
2271002	未确认融资费用	2	0	0	0	0			0	0	0	0	0	1	1	租赁负债/未确认融资费用					0	0								租赁负债/未确认融资费用	
4401002	永续债	2	0	0	0	0			0	0	0	0	0	1	1	其他权益工具/永续债					0	0								其他权益工具/永续债	
1522	持有到期投资减值准备	1	0	0	0	0			0	0	0	0	0	1	1	持有到期投资减值准备					0	0								持有到期投资减值准备	
1631	油气资产	1	0	0	0	0			0	0	0	0	0	1	0	油气资产					0	0								油气资产	
1101002	公允价值变动	2	0	0	0	0			0	0	0	0	0	1	0	交易性金融资产/公允价值变动					0	0								交易性金融资产/公允价值变动	
2101002	公允价值变动	2	0	0	0	0			0	0	0	0	0	1	1	交易性金融负债/公允价值变动					0	0								交易性金融负债/公允价值变动	
2421	持有待售负债	1	0	0	0	0			0	0	0	0	0	1	1	持有待售负债					0	0								持有待售负债	
1632	累计折耗	1	0	0	0	0			0	0	0	0	0	1	1	累计折耗					0	0								累计折耗	
1101001	成本	2	0	0	0	0			0	0	0	0	0	1	0	交易性金融资产/成本					0	0								交易性金融资产/成本	
4401001	优先股	2	0	0	0	0			0	0	0	0	0	1	1	其他权益工具/优先股					0	0								其他权益工具/优先股	
1410	商品进销差价	1	0	0	0	0			0	0	0	0	0	1	0	商品进销差价					0	0								商品进销差价	
1406	库存商品	1	0	0	0	0			0	0	0	0	0	1	0	库存商品					0	0								库存商品	
1411	委托加工物资	1	0	0	0	0			0	0	0	0	0	1	0	委托加工物资					0	0								委托加工物资	
1132	应收利息	1	0	0	0	0			0	0	0	0	0	1	0	应收利息					0	0								应收利息	
1526	投资性房地产	1	0	0	0	0			0	0	0	0	0	1	0	投资性房地产					0	0								投资性房地产	
1531	长期应收款	1	0	0	0	0			0	0	0	0	0	1	0	长期应收款					0	0								长期应收款	
1541	未实现融资收益	1	0	0	0	0			0	0	0	0	0	1	0	未实现融资收益					0	0								未实现融资收益	
1601	固定资产	1	0	0	0	0			0	0	0	0	0	0	0	固定资产					0	0								固定资产	
1602	累计折旧	1	0	0	0	0			0	0	0	0	0	1	1	累计折旧					0	0								累计折旧	
1301	持有待售资产	1	0	0	0	0			0	0	0	0	0	1	0	持有待售资产					0	0								持有待售资产	
1604	在建工程	1	0	0	0	0			0	0	0	0	0	1	0	在建工程					0	0								在建工程	
1605	工程物资	1	0	0	0	0			0	0	0	0	0	1	0	工程物资					0	0								工程物资	
1606	固定资产清理	1	0	0	0	0			0	0	0	0	0	1	0	固定资产清理					0	0								固定资产清理	
1701	无形资产	1	0	0	0	0			0	0	0	0	0	1	0	无形资产					0	0								无形资产	
1403	原材料	1	0	0	0	0			0	0	0	0	0	1	0	原材料					0	0								原材料	
1711	商誉	1	0	0	0	0			0	0	0	0	0	1	0	商誉					0	0								商誉	
1801	长期待摊费用	1	0	0	0	0			0	0	0	0	0	1	0	长期待摊费用					0	0								长期待摊费用	
1811	递延所得税资产	1	0	0	0	0			0	0	0	0	0	1	0	递延所得税资产					0	0								递延所得税资产	
1901	待处理财产损溢	1	0	0	0	0			0	0	0	0	0	1	0	待处理财产损溢					0	0								待处理财产损溢	
2201	应付票据	1	0	0	0	0			0	0	0	0	0	1	1	应付票据					0	0								应付票据	
2202	应付账款	1	0	0	0	0			0	0	0	0	0	1	1	应付账款					0	0								应付账款	
2205	预收账款	1	0	0	0	0			0	0	0	0	0	1	1	预收账款					0	0								预收账款	
2211	应付职工薪酬	1	0	0	0	0			0	0	0	0	0	0	1	应付职工薪酬					0	0								应付职工薪酬	
2221	应交税费	1	0	0	0	0			0	0	0	0	0	0	1	应交税费					0	0								应交税费	
2232	应付利息	1	0	0	0	0			0	0	0	0	0	1	1	应付利息					0	0								应付利息	
2241	其他应付款	1	0	0	0	0			0	0	0	0	0	1	1	其他应付款					0	0								其他应付款	
2314	代理业务负债	1	0	0	0	0			0	0	0	0	0	1	1	代理业务负债					0	0								代理业务负债	
2501	递延收益	1	0	0	0	0			0	0	0	0	0	1	1	递延收益					0	0								递延收益	
2601	长期借款	1	0	0	0	0			0	0	0	0	0	1	1	长期借款					0	0								长期借款	
2801	长期应付款	1	0	0	0	0			0	0	0	0	0	1	1	长期应付款					0	0								长期应付款	
2411	预计负债	1	0	0	0	0			0	0	0	0	0	1	1	预计负债					0	0								预计负债	
2901	递延所得税负债	1	0	0	0	0			0	0	0	0	0	1	1	递延所得税负债					0	0								递延所得税负债	
3101	衍生工具	1	0	0	0	0			0	0	0	0	0	1	0	衍生工具					0	0								衍生工具	
3201	套期工具	1	0	0	0	0			0	0	0	0	0	1	0	套期工具					0	0								套期工具	
3202	被套期项目	1	0	0	0	0			0	0	0	0	0	1	0	被套期项目					0	0								被套期项目	
4001	实收资本	1	0	0	0	0			0	0	0	0	0	1	1	实收资本					0	0								实收资本	
4002	资本公积	1	0	0	0	0			0	0	0	0	0	0	1	资本公积					0	0								资本公积	
4101	盈余公积	1	0	0	0	0			0	0	0	0	0	0	1	盈余公积					0	0								盈余公积	
4103	本年利润	1	0	0	0	0			0	0	0	0	0	1	1	本年利润					0	0								本年利润	
4104	利润分配	1	0	0	0	0			0	0	0	0	0	0	1	利润分配					0	0								利润分配	
5001	生产成本	1	0	0	0	0			0	0	0	0	0	0	0	生产成本					0	0								生产成本	
5101	制造费用	1	0	0	0	0			0	0	0	0	0	0	0	制造费用					0	0								制造费用	
5301	研发支出	1	0	0	0	0			0	0	0	0	0	1	0	研发支出					0	0								研发支出	
6001	主营业务收入	1	0	0	0	0			0	0	0	0	0	0	1	主营业务收入					0	0								主营业务收入	
6051	其他业务收入	1	0	0	0	0			0	0	0	0	0	1	1	其他业务收入					0	0								其他业务收入	
6101	公允价值变动损益	1	0	0	0	0			0	0	0	0	0	1	1	公允价值变动损益					0	0								公允价值变动损益	
6111	投资收益	1	0	0	0	0			0	0	0	0	0	1	1	投资收益					0	0								投资收益	
6301	营业外收入	1	0	0	0	0			0	0	0	0	0	1	1	营业外收入					0	0								营业外收入	
6401	主营业务成本	1	0	0	0	0			0	0	0	0	0	1	0	主营业务成本					0	0								主营业务成本	
6601	销售费用	1	0	0	0	0			0	0	0	0	0	1	0	销售费用					0	0								销售费用	
6602	管理费用	1	0	0	0	0			0	0	0	0	0	0	0	管理费用					0	0								管理费用	
6603	财务费用	1	0	0	0	0			0	0	0	0	0	0	0	财务费用					0	0								财务费用	
6701	资产减值损失	1	0	0	0	0			0	0	0	0	0	1	0	资产减值损失					0	0								资产减值损失	
6711	营业外支出	1	0	0	0	0			0	0	0	0	0	1	0	营业外支出					0	0								营业外支出	
6901	以前年度损益调整	1	0	0	0	0			0	0	0	0	0	1	0	以前年度损益调整					0	0								以前年度损益调整	
1015	其他货币资金	1	0	0	0	0			0	0	0	0	0	0	0	其他货币资金					0	0								其他货币资金	
2231	应付股利	1	0	0	0	0			0	0	0	0	0	1	1	应付股利					0	0								应付股利	
2101	交易性金融负债	1	0	0	0	0			0	0	0	0	0	0	1	交易性金融负债					0	0								交易性金融负债	
5201	劳务成本	1	0	0	0	0			0	0	0	0	0	1	0	劳务成本					0	0								劳务成本	
2602	应付债券	1	0	0	0	0			0	0	0	0	0	0	1	应付债券					0	0								应付债券	
2811	专项应付款	1	0	0	0	0			0	0	0	0	0	1	1	专项应付款					0	0								专项应付款	
6402	其他业务支出	1	0	0	0	0			0	0	0	0	0	1	0	其他业务支出					0	0								其他业务支出	
1603	固定资产减值准备	1	0	0	0	0			0	0	0	0	0	1	1	固定资产减值准备					0	0								固定资产减值准备	
1241	坏账准备	1	0	0	0	0			0	0	0	0	0	1	1	坏账准备					0	0								坏账准备	
1015004	信用卡	2	0	0	0	0			0	0	0	0	0	1	0	其他货币资金/信用卡					0	1								其他货币资金/信用卡	
1015006	存出投资款	2	0	0	0	0			0	0	0	0	0	1	0	其他货币资金/存出投资款					0	1								其他货币资金/存出投资款	
2401	预提费用	1	0	0	0	0			0	0	0	0	0	1	1	预提费用					0	0								预提费用	
1601001	房屋及建筑物	2	0	0	0	0			0	0	0	0	0	1	0	固定资产/房屋及建筑物					0	0								固定资产/房屋及建筑物	
1601002	机器设备	2	0	0	0	0			0	0	0	0	0	1	0	固定资产/机器设备					0	0								固定资产/机器设备	
1601003	运输设备	2	0	0	0	0			0	0	0	0	0	1	0	固定资产/运输设备					0	0								固定资产/运输设备	
1601004	一般设备	2	0	0	0	0			0	0	0	0	0	1	0	固定资产/一般设备					0	0								固定资产/一般设备	
1601005	其它	2	0	0	0	0			0	0	0	0	0	1	0	固定资产/其它					0	0								固定资产/其它	
2211001	工资	2	0	0	0	0			0	0	0	0	0	1	1	应付职工薪酬/工资					0	0								应付职工薪酬/工资	
2211002	职工福利	2	0	0	0	0			0	0	0	0	0	1	1	应付职工薪酬/职工福利					0	0								应付职工薪酬/职工福利	
2211003	社会保险费	2	0	0	0	0			0	0	0	0	0	1	1	应付职工薪酬/社会保险费					0	0								应付职工薪酬/社会保险费	
2211004	住房公积金	2	0	0	0	0			0	0	0	0	0	1	1	应付职工薪酬/住房公积金					0	0								应付职工薪酬/住房公积金	
2211005	工会经费	2	0	0	0	0			0	0	0	0	0	1	1	应付职工薪酬/工会经费					0	0								应付职工薪酬/工会经费	
2211006	职工教育经费	2	0	0	0	0			0	0	0	0	0	1	1	应付职工薪酬/职工教育经费					0	0								应付职工薪酬/职工教育经费	
2211007	非货币性福利	2	0	0	0	0			0	0	0	0	0	1	1	应付职工薪酬/非货币性福利					0	0								应付职工薪酬/非货币性福利	
2211008	辞退福利	2	0	0	0	0			0	0	0	0	0	1	1	应付职工薪酬/辞退福利					0	0								应付职工薪酬/辞退福利	
2211009	股份支付	2	0	0	0	0			0	0	0	0	0	1	1	应付职工薪酬/股份支付					0	0								应付职工薪酬/股份支付	
1641	使用权资产	1	0	0	0	0			0	0	0	0	0	1	0	使用权资产					0	0								使用权资产	
2221001	应交增值税	2	0	0	0	0			0	0	0	0	0	0	1	应交税费/应交增值税					0	0								应交税费/应交增值税	
2221001001	进项税额	3	0	0	0	0			0	0	0	0	0	1	0	应交税费/应交增值税/进项税额					0	0								应交税费/应交增值税/进项税额	
2221002	未交增值税	2	0	0	0	0			0	0	0	0	0	1	1	应交税费/未交增值税					0	0								应交税费/未交增值税	
2221001002	已交税金	3	0	0	0	0			0	0	0	0	0	1	0	应交税费/应交增值税/已交税金					0	0								应交税费/应交增值税/已交税金	
2221001003	转出未交增值税	3	0	0	0	0			0	0	0	0	0	1	0	应交税费/应交增值税/转出未交增值税					0	0								应交税费/应交增值税/转出未交增值税	
2221001004	减免税款	3	0	0	0	0			0	0	0	0	0	1	0	应交税费/应交增值税/减免税款					0	0								应交税费/应交增值税/减免税款	
2221001005	销项税额	3	0	0	0	0			0	0	0	0	0	1	1	应交税费/应交增值税/销项税额					0	0								应交税费/应交增值税/销项税额	
2221001006	出口退税	3	0	0	0	0			0	0	0	0	0	1	0	应交税费/应交增值税/出口退税					0	0								应交税费/应交增值税/出口退税	
2221001007	进项税额转出	3	0	0	0	0			0	0	0	0	0	1	1	应交税费/应交增值税/进项税额转出					0	0								应交税费/应交增值税/进项税额转出	
2221001008	出口抵减内销产品应纳税额	3	0	0	0	0			0	0	0	0	0	1	1	应交税费/应交增值税/出口抵减内销产品应纳税额					0	0								应交税费/应交增值税/出口抵减内销产品应纳税额	
2221001009	转出多交增值税	3	0	0	0	0			0	0	0	0	0	1	1	应交税费/应交增值税/转出多交增值税					0	0								应交税费/应交增值税/转出多交增值税	
2221003	应交营业税	2	0	0	0	0			0	0	0	0	0	1	1	应交税费/应交营业税					0	0								应交税费/应交营业税	
2221004	应交消费税	2	0	0	0	0			0	0	0	0	0	1	1	应交税费/应交消费税					0	0								应交税费/应交消费税	
2221005	应交资源税	2	0	0	0	0			0	0	0	0	0	1	1	应交税费/应交资源税					0	0								应交税费/应交资源税	
2221006	应交所得税	2	0	0	0	0			0	0	0	0	0	1	1	应交税费/应交所得税					0	0								应交税费/应交所得税	
2221007	应交土地增值税	2	0	0	0	0			0	0	0	0	0	1	1	应交税费/应交土地增值税					0	0								应交税费/应交土地增值税	
2221008	应交城市维护建设税	2	0	0	0	0			0	0	0	0	0	1	1	应交税费/应交城市维护建设税					0	0								应交税费/应交城市维护建设税	
2221010	应交土地使用税	2	0	0	0	0			0	0	0	0	0	1	1	应交税费/应交土地使用税					0	0								应交税费/应交土地使用税	
2221011	应交车船使用税	2	0	0	0	0			0	0	0	0	0	1	1	应交税费/应交车船使用税					0	0								应交税费/应交车船使用税	
2221012	应交个人所得税	2	0	0	0	0			0	0	0	0	0	1	1	应交税费/应交个人所得税					0	0								应交税费/应交个人所得税	
2221013	其他应交款	2	0	0	0	0			0	0	0	0	0	0	1	应交税费/其他应交款					0	0								应交税费/其他应交款	
2221013001	教育费附加	3	0	0	0	0			0	0	0	0	0	1	1	应交税费/其他应交款/教育费附加					0	0								应交税费/其他应交款/教育费附加	
2221013002	矿产资源补偿费	3	0	0	0	0			0	0	0	0	0	1	1	应交税费/其他应交款/矿产资源补偿费					0	0								应交税费/其他应交款/矿产资源补偿费	
2221013003	车辆购置附加费	3	0	0	0	0			0	0	0	0	0	1	1	应交税费/其他应交款/车辆购置附加费					0	0								应交税费/其他应交款/车辆购置附加费	
4002001	资本溢价	2	0	0	0	0			0	0	0	0	0	1	1	资本公积/资本溢价					0	0								资本公积/资本溢价	
4002002	接受捐赠非现金资产准	2	0	0	0	0			0	0	0	0	0	1	1	资本公积/接受捐赠非现金资产准					0	0								资本公积/接受捐赠非现金资产准	
4002003	接受现金捐赠	2	0	0	0	0			0	0	0	0	0	1	1	资本公积/接受现金捐赠					0	0								资本公积/接受现金捐赠	
4002004	股权投资准备	2	0	0	0	0			0	0	0	0	0	1	1	资本公积/股权投资准备					0	0								资本公积/股权投资准备	
4002005	拨款转入	2	0	0	0	0			0	0	0	0	0	1	1	资本公积/拨款转入					0	0								资本公积/拨款转入	
4002006	外币资本折算差额	2	0	0	0	0			0	0	0	0	0	1	1	资本公积/外币资本折算差额					0	0								资本公积/外币资本折算差额	
4002007	其他资本公积	2	0	0	0	0			0	0	0	0	0	1	1	资本公积/其他资本公积					0	0								资本公积/其他资本公积	
5101001	维修费	2	0	0	0	0			0	0	0	0	0	1	0	制造费用/维修费					0	0								制造费用/维修费	
4101001	法定盈余公积	2	0	0	0	0			0	0	0	0	0	1	1	盈余公积/法定盈余公积					0	0								盈余公积/法定盈余公积	
4101002	任意盈余公积	2	0	0	0	0			0	0	0	0	0	1	1	盈余公积/任意盈余公积					0	0								盈余公积/任意盈余公积	
4101003	法定公益金	2	0	0	0	0			0	0	0	0	0	1	1	盈余公积/法定公益金					0	0								盈余公积/法定公益金	
4101004	储备基金	2	0	0	0	0			0	0	0	0	0	1	1	盈余公积/储备基金					0	0								盈余公积/储备基金	
4101005	企业发展基金	2	0	0	0	0			0	0	0	0	0	1	1	盈余公积/企业发展基金					0	0								盈余公积/企业发展基金	
4101006	利润归还投资	2	0	0	0	0			0	0	0	0	0	1	1	盈余公积/利润归还投资					0	0								盈余公积/利润归还投资	
4104001	其他转入	2	0	0	0	0			0	0	0	0	0	1	1	利润分配/其他转入					0	0								利润分配/其他转入	
4104002	提取法定盈余公积	2	0	0	0	0			0	0	0	0	0	1	0	利润分配/提取法定盈余公积					0	0								利润分配/提取法定盈余公积	
4104003	提取法定公益金	2	0	0	0	0			0	0	0	0	0	1	0	利润分配/提取法定公益金					0	0								利润分配/提取法定公益金	
4104004	提取储备基金	2	0	0	0	0			0	0	0	0	0	1	0	利润分配/提取储备基金					0	0								利润分配/提取储备基金	
4104005	提取企业发展基金	2	0	0	0	0			0	0	0	0	0	1	0	利润分配/提取企业发展基金					0	0								利润分配/提取企业发展基金	
4104006	提取职工奖励及福利基	2	0	0	0	0			0	0	0	0	0	1	0	利润分配/提取职工奖励及福利基					0	0								利润分配/提取职工奖励及福利基	
4104007	利润归还投资	2	0	0	0	0			0	0	0	0	0	1	0	利润分配/利润归还投资					0	0								利润分配/利润归还投资	
4104008	应付优先股股利	2	0	0	0	0			0	0	0	0	0	1	0	利润分配/应付优先股股利					0	0								利润分配/应付优先股股利	
4104009	提取任意盈余公积	2	0	0	0	0			0	0	0	0	0	1	0	利润分配/提取任意盈余公积					0	0								利润分配/提取任意盈余公积	
4104010	应付普通股股利	2	0	0	0	0			0	0	0	0	0	1	0	利润分配/应付普通股股利					0	0								利润分配/应付普通股股利	
4104011	转作资本（或股本）的普通股股利	2	0	0	0	0			0	0	0	0	0	1	0	利润分配/转作资本（或股本）的普通股股利					0	0								利润分配/转作资本（或股本）的普通股股利	
4104015	未分配利润	2	0	0	0	0			0	0	0	0	0	1	1	利润分配/未分配利润					0	0								利润分配/未分配利润	
5001001	基本生产成本	2	0	0	0	0			0	0	0	0	0	1	0	生产成本/基本生产成本					0	0								生产成本/基本生产成本	
5001002	辅助生产成本	2	0	0	0	0			0	0	0	0	0	1	0	生产成本/辅助生产成本					0	0								生产成本/辅助生产成本	
5101002	加工费	2	0	0	0	0			0	0	0	0	0	1	0	制造费用/加工费					0	0								制造费用/加工费	
5101003	折旧费	2	0	0	0	0			0	0	0	0	0	1	0	制造费用/折旧费					0	0								制造费用/折旧费	
5101004	工资	2	0	0	0	0			0	0	0	0	0	1	0	制造费用/工资					0	0								制造费用/工资	
6001001	销货收入	2	0	0	0	0			0	0	0	0	0	1	1	主营业务收入/销货收入					0	0								主营业务收入/销货收入	
6001002	劳务收入	2	0	0	0	0			0	0	0	0	0	1	1	主营业务收入/劳务收入					0	0								主营业务收入/劳务收入	
6001003	其他收入	2	0	0	0	0			0	0	0	0	0	1	1	主营业务收入/其他收入					0	0								主营业务收入/其他收入	
6602001	通讯费	2	0	0	0	0			0	0	0	0	0	1	0	管理费用/通讯费					0	0								管理费用/通讯费	
6602002	差旅费	2	0	0	0	0			0	0	0	0	0	1	0	管理费用/差旅费					0	0								管理费用/差旅费	
6602003	业务招待费	2	0	0	0	0			0	0	0	0	0	1	0	管理费用/业务招待费					0	0								管理费用/业务招待费	
6602004	办公费	2	0	0	0	0			0	0	0	0	0	1	0	管理费用/办公费					0	0								管理费用/办公费	
6602005	房租费	2	0	0	0	0			0	0	0	0	0	1	0	管理费用/房租费					0	0								管理费用/房租费	
6602006	水电费	2	0	0	0	0			0	0	0	0	0	1	0	管理费用/水电费					0	0								管理费用/水电费	
6602007	运输费	2	0	0	0	0			0	0	0	0	0	1	0	管理费用/运输费					0	0								管理费用/运输费	
6602008	托运费	2	0	0	0	0			0	0	0	0	0	1	0	管理费用/托运费					0	0								管理费用/托运费	
6602009	职工工资	2	0	0	0	0			0	0	0	0	0	1	0	管理费用/职工工资					0	0								管理费用/职工工资	
6602010	折旧	2	0	0	0	0			0	0	0	0	0	1	0	管理费用/折旧					0	0								管理费用/折旧	
6602011	餐费补贴	2	0	0	0	0			0	0	0	0	0	1	0	管理费用/餐费补贴					0	0								管理费用/餐费补贴	
2001	短期借款	1	0	0	0	0			0	0	0	0	0	1	1	短期借款					0	0								短期借款	
6603004	汇兑损益	2	0	0	0	0			0	0	0	0	0	1	0	财务费用/汇兑损益					0	0								财务费用/汇兑损益	
1015002	银行本票	2	0	0	0	0			0	0	0	0	0	1	0	其他货币资金/银行本票					0	1								其他货币资金/银行本票	
1015003	银行汇票	2	0	0	0	0			0	0	0	0	0	1	0	其他货币资金/银行汇票					0	1								其他货币资金/银行汇票	
1015005	信用证保证金	2	0	0	0	0			0	0	0	0	0	1	0	其他货币资金/信用证保证金					0	1								其他货币资金/信用证保证金	
1501	待摊费用	1	0	0	0	0			0	0	0	0	0	1	0	待摊费用					0	0								待摊费用	
1002	银行存款	1	0	0	0	0			0	0	0	0	0	1	0	银行存款					0	1								银行存款	
6801	所得税费用	1	0	0	0	0			0	0	0	0	0	1	0	所得税费用					0	0								所得税费用	
2221014	预交增值税	2	0	0	0	0			0	0	0	0	0	1	1	应交税费/预交增值税					0	0								应交税费/预交增值税	
2221016	待认证进项税额	2	0	0	0	0			0	0	0	0	0	1	1	应交税费/待认证进项税额					0	0								应交税费/待认证进项税额	
2221018	增值税留抵税额	2	0	0	0	0			0	0	0	0	0	1	1	应交税费/增值税留抵税额					0	0								应交税费/增值税留抵税额	
2221020	转让金融商品应交增值税	2	0	0	0	0			0	0	0	0	0	1	1	应交税费/转让金融商品应交增值税					0	0								应交税费/转让金融商品应交增值税	
2602002	永续债	2	0	0	0	0			0	0	0	0	0	1	1	应付债券/永续债					0	0								应付债券/永续债	
1523003	应计利息	2	0	0	0	0			0	0	0	0	0	1	0	可供出售金融资产/应计利息					0	0								可供出售金融资产/应计利息	
1523004	公允价值变动	2	0	0	0	0			0	0	0	0	0	1	0	可供出售金融资产/公允价值变动					0	0								可供出售金融资产/公允价值变动	
1524001	成本	2	0	0	0	0			0	0	0	0	0	1	0	长期股权投资/成本					0	0								长期股权投资/成本	
1524002	损益调整	2	0	0	0	0			0	0	0	0	0	1	0	长期股权投资/损益调整					0	0								长期股权投资/损益调整	
1524003	其他权益变动	2	0	0	0	0			0	0	0	0	0	1	0	长期股权投资/其他权益变动					0	0								长期股权投资/其他权益变动	
2101001	本金	2	0	0	0	0			0	0	0	0	0	1	1	交易性金融负债/本金					0	0								交易性金融负债/本金	
6603002	利息收入	2	0	0	0	0			0	0	0	0	0	1	0	财务费用/利息收入					0	0								财务费用/利息收入	
6603003	利息费用	2	0	0	0	0			0	0	0	0	0	1	0	财务费用/利息费用					0	0								财务费用/利息费用	
1608	工程物资减值准备	1	0	0	0	0			0	0	0	0	0	1	1	工程物资减值准备					0	0								工程物资减值准备	
1528	债权投资减值准备	1	0	0	0	0			0	0	0	0	0	1	1	债权投资减值准备					0	0								债权投资减值准备	
2221009	应交房产税	2	0	0	0	0			0	0	0	0	0	1	1	应交税费/应交房产税					0	0								应交税费/应交房产税	
2221013004	地方教育费附加	3	0	0	0	0			0	0	0	0	0	1	1	应交税费/其他应交款/地方教育费附加					0	0								应交税费/其他应交款/地方教育费附加	
6702	信用减值损失	1	0	0	0	0			0	0	0	0	0	1	0	信用减值损失					0	0								信用减值损失	
1473	合同资产	1	0	0	0	0			0	0	0	0	0	1	0	合同资产					0	0								合同资产	
1474	合同资产减值准备	1	0	0	0	0			0	0	0	0	0	1	1	合同资产减值准备					0	0								合同资产减值准备	
1476	合同履约成本减值准备	1	0	0	0	0			0	0	0	0	0	1	1	合同履约成本减值准备					0	0								合同履约成本减值准备	
1477	合同取得成本	1	0	0	0	0			0	0	0	0	0	1	0	合同取得成本					0	0								合同取得成本	
1478	合同取得成本减值准备	1	0	0	0	0			0	0	0	0	0	1	1	合同取得成本减值准备					0	0								合同取得成本减值准备	
1485	应收退货成本	1	0	0	0	0			0	0	0	0	0	1	0	应收退货成本					0	0								应收退货成本	
2206	合同负债	1	0	0	0	0			0	0	0	0	0	1	1	合同负债					0	0								合同负债	
1475	合同履约成本	1	0	0	0	0			0	0	0	0	0	1	0	合同履约成本					0	0								合同履约成本	
2802	未确认融资费用	1	0	0	0	0			0	0	0	0	0	1	0	未确认融资费用					0	0								未确认融资费用	
1530	其他权益工具投资	1	0	0	0	0			0	0	0	0	0	0	0	其他权益工具投资					0	0								其他权益工具投资	
1530002	公允价值变动	2	0	0	0	0			0	0	0	0	0	1	0	其他权益工具投资/公允价值变动					0	0								其他权益工具投资/公允价值变动	
1525	长期股权投资减值准备	1	0	0	0	0			0	0	0	0	0	1	1	长期股权投资减值准备					0	0								长期股权投资减值准备	
1642	使用权资产累计折旧	1	0	0	0	0			0	0	0	0	0	1	1	使用权资产累计折旧					0	0								使用权资产累计折旧	
2271001	租赁付款额	2	0	0	0	0			0	0	0	0	0	1	1	租赁负债/租赁付款额						0								租赁负债/租赁付款额	
1530001	成本	2	0	0	0	0			0	0	0	0	0	1	0	其他权益工具投资/成本						0								其他权益工具投资/成本	
