4201	BWB	0	0	0	0	1	0	1	0	0	0	0	0	2026
1607	BWB	0	0	0	0	1	0	1	0	0	0	0	0	2026
1529	BWB	0	0	0	0	1	0	1	0	0	0	0	0	2026
6604	BWB	0	0	0	0	1	0	1	0	0	0	0	0	2026
1703	BWB	0	0	0	0	1	0	1	0	0	0	0	0	2026
2221021	BWB	0	0	0	0	1	0	2	0	0	0	0	0	2026
4401	BWB	0	0	0	0	0	0	1	0	0	0	0	0	2026
1621	BWB	0	0	0	0	1	0	1	0	0	0	0	0	2026
1523002	BWB	0	0	0	0	1	0	2	0	0	0	0	0	2026
1622	BWB	0	0	0	0	1	0	1	0	0	0	0	0	2026
1523001	BWB	0	0	0	0	1	0	2	0	0	0	0	0	2026
1121	BWB	0	0	0	0	1	0	1	0	0	0	0	0	2026
1015001	BWB	0	0	0	0	1	0	2	0	0	0	0	0	2026
1402	BWB	0	0	0	0	1	0	1	0	0	0	0	0	2026
1523	BWB	0	0	0	0	0	0	1	0	0	0	0	0	2026
1321	BWB	0	0	0	0	1	0	1	0	0	0	0	0	2026
1101	BWB	0	0	0	0	0	0	1	0	0	0	0	0	2026
1302	BWB	0	0	0	0	1	0	1	0	0	0	0	0	2026
1231	BWB	0	0	0	0	1	0	1	0	0	0	0	0	2026
1524	BWB	0	0	0	0	0	0	1	0	0	0	0	0	2026
1521	BWB	0	0	0	0	1	0	1	0	0	0	0	0	2026
1131	BWB	0	0	0	0	1	0	1	0	0	0	0	0	2026
1401	BWB	0	0	0	0	1	0	1	0	0	0	0	0	2026
1122	BWB	0	0	0	0	1	0	1	0	0	0	0	0	2026
1123	BWB	0	0	0	0	1	0	1	0	0	0	0	0	2026
1404	BWB	0	0	0	0	1	0	1	0	0	0	0	0	2026
1001	BWB	0	0	0	0	1	0	1	0	0	0	0	0	2026
1527	BWB	0	0	0	0	1	0	1	0	0	0	0	0	2026
1461	BWB	0	0	0	0	1	0	1	0	0	0	0	0	2026
6603001	BWB	0	0	0	0	1	0	2	0	0	0	0	0	2026
2221017	BWB	0	0	0	0	1	0	2	0	0	0	0	0	2026
6405	BWB	0	0	0	0	1	0	1	0	0	0	0	0	2026
4402	BWB	0	0	0	0	1	0	1	0	0	0	0	0	2026
6561	BWB	0	0	0	0	1	0	1	0	0	0	0	0	2026
1407	BWB	0	0	0	0	1	0	1	0	0	0	0	0	2026
6551	BWB	0	0	0	0	1	0	1	0	0	0	0	0	2026
2271	BWB	0	0	0	0	0	0	1	0	0	0	0	0	2026
1412	BWB	0	0	0	0	1	0	1	0	0	0	0	0	2026
1702	BWB	0	0	0	0	1	0	1	0	0	0	0	0	2026
2221015	BWB	0	0	0	0	1	0	2	0	0	0	0	0	2026
2221019	BWB	0	0	0	0	1	0	2	0	0	0	0	0	2026
2221001010	BWB	0	0	0	0	1	0	3	0	0	0	0	0	2026
2602001	BWB	0	0	0	0	1	0	2	0	0	0	0	0	2026
2271002	BWB	0	0	0	0	1	0	2	0	0	0	0	0	2026
4401002	BWB	0	0	0	0	1	0	2	0	0	0	0	0	2026
1522	BWB	0	0	0	0	1	0	1	0	0	0	0	0	2026
1631	BWB	0	0	0	0	1	0	1	0	0	0	0	0	2026
1101002	BWB	0	0	0	0	1	0	2	0	0	0	0	0	2026
2101002	BWB	0	0	0	0	1	0	2	0	0	0	0	0	2026
2421	BWB	0	0	0	0	1	0	1	0	0	0	0	0	2026
1632	BWB	0	0	0	0	1	0	1	0	0	0	0	0	2026
1101001	BWB	0	0	0	0	1	0	2	0	0	0	0	0	2026
4401001	BWB	0	0	0	0	1	0	2	0	0	0	0	0	2026
1410	BWB	0	0	0	0	1	0	1	0	0	0	0	0	2026
1406	BWB	0	0	0	0	1	0	1	0	0	0	0	0	2026
1411	BWB	0	0	0	0	1	0	1	0	0	0	0	0	2026
1132	BWB	0	0	0	0	1	0	1	0	0	0	0	0	2026
1526	BWB	0	0	0	0	1	0	1	0	0	0	0	0	2026
1531	BWB	0	0	0	0	1	0	1	0	0	0	0	0	2026
1541	BWB	0	0	0	0	1	0	1	0	0	0	0	0	2026
1601	BWB	0	0	0	0	0	0	1	0	0	0	0	0	2026
1602	BWB	0	0	0	0	1	0	1	0	0	0	0	0	2026
1301	BWB	0	0	0	0	1	0	1	0	0	0	0	0	2026
1604	BWB	0	0	0	0	1	0	1	0	0	0	0	0	2026
1605	BWB	0	0	0	0	1	0	1	0	0	0	0	0	2026
1606	BWB	0	0	0	0	1	0	1	0	0	0	0	0	2026
1701	BWB	0	0	0	0	1	0	1	0	0	0	0	0	2026
1403	BWB	0	0	0	0	1	0	1	0	0	0	0	0	2026
1711	BWB	0	0	0	0	1	0	1	0	0	0	0	0	2026
1801	BWB	0	0	0	0	1	0	1	0	0	0	0	0	2026
1811	BWB	0	0	0	0	1	0	1	0	0	0	0	0	2026
1901	BWB	0	0	0	0	1	0	1	0	0	0	0	0	2026
2201	BWB	0	0	0	0	1	0	1	0	0	0	0	0	2026
2202	BWB	0	0	0	0	1	0	1	0	0	0	0	0	2026
2205	BWB	0	0	0	0	1	0	1	0	0	0	0	0	2026
2211	BWB	0	0	0	0	0	0	1	0	0	0	0	0	2026
2221	BWB	0	0	0	0	0	0	1	0	0	0	0	0	2026
2232	BWB	0	0	0	0	1	0	1	0	0	0	0	0	2026
2241	BWB	0	0	0	0	1	0	1	0	0	0	0	0	2026
2314	BWB	0	0	0	0	1	0	1	0	0	0	0	0	2026
2501	BWB	0	0	0	0	1	0	1	0	0	0	0	0	2026
2601	BWB	0	0	0	0	1	0	1	0	0	0	0	0	2026
2801	BWB	0	0	0	0	1	0	1	0	0	0	0	0	2026
2411	BWB	0	0	0	0	1	0	1	0	0	0	0	0	2026
2901	BWB	0	0	0	0	1	0	1	0	0	0	0	0	2026
3101	BWB	0	0	0	0	1	0	1	0	0	0	0	0	2026
3201	BWB	0	0	0	0	1	0	1	0	0	0	0	0	2026
3202	BWB	0	0	0	0	1	0	1	0	0	0	0	0	2026
4001	BWB	0	0	0	0	1	0	1	0	0	0	0	0	2026
4002	BWB	0	0	0	0	0	0	1	0	0	0	0	0	2026
4101	BWB	0	0	0	0	0	0	1	0	0	0	0	0	2026
4103	BWB	0	0	0	0	1	0	1	0	0	0	0	0	2026
4104	BWB	0	0	0	0	0	0	1	0	0	0	0	0	2026
5001	BWB	0	0	0	0	0	0	1	0	0	0	0	0	2026
5101	BWB	0	0	0	0	0	0	1	0	0	0	0	0	2026
5301	BWB	0	0	0	0	1	0	1	0	0	0	0	0	2026
6001	BWB	0	0	0	0	0	0	1	0	0	0	0	0	2026
6051	BWB	0	0	0	0	1	0	1	0	0	0	0	0	2026
6101	BWB	0	0	0	0	1	0	1	0	0	0	0	0	2026
6111	BWB	0	0	0	0	1	0	1	0	0	0	0	0	2026
6301	BWB	0	0	0	0	1	0	1	0	0	0	0	0	2026
6401	BWB	0	0	0	0	1	0	1	0	0	0	0	0	2026
6601	BWB	0	0	0	0	1	0	1	0	0	0	0	0	2026
6602	BWB	0	0	0	0	0	0	1	0	0	0	0	0	2026
6603	BWB	0	0	0	0	0	0	1	0	0	0	0	0	2026
6701	BWB	0	0	0	0	1	0	1	0	0	0	0	0	2026
6711	BWB	0	0	0	0	1	0	1	0	0	0	0	0	2026
6901	BWB	0	0	0	0	1	0	1	0	0	0	0	0	2026
1015	BWB	0	0	0	0	0	0	1	0	0	0	0	0	2026
2231	BWB	0	0	0	0	1	0	1	0	0	0	0	0	2026
2101	BWB	0	0	0	0	0	0	1	0	0	0	0	0	2026
5201	BWB	0	0	0	0	1	0	1	0	0	0	0	0	2026
2602	BWB	0	0	0	0	0	0	1	0	0	0	0	0	2026
2811	BWB	0	0	0	0	1	0	1	0	0	0	0	0	2026
6402	BWB	0	0	0	0	1	0	1	0	0	0	0	0	2026
1603	BWB	0	0	0	0	1	0	1	0	0	0	0	0	2026
1241	BWB	0	0	0	0	1	0	1	0	0	0	0	0	2026
1015004	BWB	0	0	0	0	1	0	2	0	0	0	0	0	2026
1015006	BWB	0	0	0	0	1	0	2	0	0	0	0	0	2026
2401	BWB	0	0	0	0	1	0	1	0	0	0	0	0	2026
1601001	BWB	0	0	0	0	1	0	2	0	0	0	0	0	2026
1601002	BWB	0	0	0	0	1	0	2	0	0	0	0	0	2026
1601003	BWB	0	0	0	0	1	0	2	0	0	0	0	0	2026
1601004	BWB	0	0	0	0	1	0	2	0	0	0	0	0	2026
1601005	BWB	0	0	0	0	1	0	2	0	0	0	0	0	2026
2211001	BWB	0	0	0	0	1	0	2	0	0	0	0	0	2026
2211002	BWB	0	0	0	0	1	0	2	0	0	0	0	0	2026
2211003	BWB	0	0	0	0	1	0	2	0	0	0	0	0	2026
2211004	BWB	0	0	0	0	1	0	2	0	0	0	0	0	2026
2211005	BWB	0	0	0	0	1	0	2	0	0	0	0	0	2026
2211006	BWB	0	0	0	0	1	0	2	0	0	0	0	0	2026
2211007	BWB	0	0	0	0	1	0	2	0	0	0	0	0	2026
2211008	BWB	0	0	0	0	1	0	2	0	0	0	0	0	2026
2211009	BWB	0	0	0	0	1	0	2	0	0	0	0	0	2026
1641	BWB	0	0	0	0	1	0	1	0	0	0	0	0	2026
2221001	BWB	0	0	0	0	0	0	2	0	0	0	0	0	2026
2221001001	BWB	0	0	0	0	1	0	3	0	0	0	0	0	2026
2221002	BWB	0	0	0	0	1	0	2	0	0	0	0	0	2026
2221001002	BWB	0	0	0	0	1	0	3	0	0	0	0	0	2026
2221001003	BWB	0	0	0	0	1	0	3	0	0	0	0	0	2026
2221001004	BWB	0	0	0	0	1	0	3	0	0	0	0	0	2026
2221001005	BWB	0	0	0	0	1	0	3	0	0	0	0	0	2026
2221001006	BWB	0	0	0	0	1	0	3	0	0	0	0	0	2026
2221001007	BWB	0	0	0	0	1	0	3	0	0	0	0	0	2026
2221001008	BWB	0	0	0	0	1	0	3	0	0	0	0	0	2026
2221001009	BWB	0	0	0	0	1	0	3	0	0	0	0	0	2026
2221003	BWB	0	0	0	0	1	0	2	0	0	0	0	0	2026
2221004	BWB	0	0	0	0	1	0	2	0	0	0	0	0	2026
2221005	BWB	0	0	0	0	1	0	2	0	0	0	0	0	2026
2221006	BWB	0	0	0	0	1	0	2	0	0	0	0	0	2026
2221007	BWB	0	0	0	0	1	0	2	0	0	0	0	0	2026
2221008	BWB	0	0	0	0	1	0	2	0	0	0	0	0	2026
2221010	BWB	0	0	0	0	1	0	2	0	0	0	0	0	2026
2221011	BWB	0	0	0	0	1	0	2	0	0	0	0	0	2026
2221012	BWB	0	0	0	0	1	0	2	0	0	0	0	0	2026
2221013	BWB	0	0	0	0	0	0	2	0	0	0	0	0	2026
2221013001	BWB	0	0	0	0	1	0	3	0	0	0	0	0	2026
2221013002	BWB	0	0	0	0	1	0	3	0	0	0	0	0	2026
2221013003	BWB	0	0	0	0	1	0	3	0	0	0	0	0	2026
4002001	BWB	0	0	0	0	1	0	2	0	0	0	0	0	2026
4002002	BWB	0	0	0	0	1	0	2	0	0	0	0	0	2026
4002003	BWB	0	0	0	0	1	0	2	0	0	0	0	0	2026
4002004	BWB	0	0	0	0	1	0	2	0	0	0	0	0	2026
4002005	BWB	0	0	0	0	1	0	2	0	0	0	0	0	2026
4002006	BWB	0	0	0	0	1	0	2	0	0	0	0	0	2026
4002007	BWB	0	0	0	0	1	0	2	0	0	0	0	0	2026
5101001	BWB	0	0	0	0	1	0	2	0	0	0	0	0	2026
4101001	BWB	0	0	0	0	1	0	2	0	0	0	0	0	2026
4101002	BWB	0	0	0	0	1	0	2	0	0	0	0	0	2026
4101003	BWB	0	0	0	0	1	0	2	0	0	0	0	0	2026
4101004	BWB	0	0	0	0	1	0	2	0	0	0	0	0	2026
4101005	BWB	0	0	0	0	1	0	2	0	0	0	0	0	2026
4101006	BWB	0	0	0	0	1	0	2	0	0	0	0	0	2026
4104001	BWB	0	0	0	0	1	0	2	0	0	0	0	0	2026
4104002	BWB	0	0	0	0	1	0	2	0	0	0	0	0	2026
4104003	BWB	0	0	0	0	1	0	2	0	0	0	0	0	2026
4104004	BWB	0	0	0	0	1	0	2	0	0	0	0	0	2026
4104005	BWB	0	0	0	0	1	0	2	0	0	0	0	0	2026
4104006	BWB	0	0	0	0	1	0	2	0	0	0	0	0	2026
4104007	BWB	0	0	0	0	1	0	2	0	0	0	0	0	2026
4104008	BWB	0	0	0	0	1	0	2	0	0	0	0	0	2026
4104009	BWB	0	0	0	0	1	0	2	0	0	0	0	0	2026
4104010	BWB	0	0	0	0	1	0	2	0	0	0	0	0	2026
4104011	BWB	0	0	0	0	1	0	2	0	0	0	0	0	2026
4104015	BWB	0	0	0	0	1	0	2	0	0	0	0	0	2026
5001001	BWB	0	0	0	0	1	0	2	0	0	0	0	0	2026
5001002	BWB	0	0	0	0	1	0	2	0	0	0	0	0	2026
5101002	BWB	0	0	0	0	1	0	2	0	0	0	0	0	2026
5101003	BWB	0	0	0	0	1	0	2	0	0	0	0	0	2026
5101004	BWB	0	0	0	0	1	0	2	0	0	0	0	0	2026
6001001	BWB	0	0	0	0	1	0	2	0	0	0	0	0	2026
6001002	BWB	0	0	0	0	1	0	2	0	0	0	0	0	2026
6001003	BWB	0	0	0	0	1	0	2	0	0	0	0	0	2026
6602001	BWB	0	0	0	0	1	0	2	0	0	0	0	0	2026
6602002	BWB	0	0	0	0	1	0	2	0	0	0	0	0	2026
6602003	BWB	0	0	0	0	1	0	2	0	0	0	0	0	2026
6602004	BWB	0	0	0	0	1	0	2	0	0	0	0	0	2026
6602005	BWB	0	0	0	0	1	0	2	0	0	0	0	0	2026
6602006	BWB	0	0	0	0	1	0	2	0	0	0	0	0	2026
6602007	BWB	0	0	0	0	1	0	2	0	0	0	0	0	2026
6602008	BWB	0	0	0	0	1	0	2	0	0	0	0	0	2026
6602009	BWB	0	0	0	0	1	0	2	0	0	0	0	0	2026
6602010	BWB	0	0	0	0	1	0	2	0	0	0	0	0	2026
6602011	BWB	0	0	0	0	1	0	2	0	0	0	0	0	2026
2001	BWB	0	0	0	0	1	0	1	0	0	0	0	0	2026
6603004	BWB	0	0	0	0	1	0	2	0	0	0	0	0	2026
1015002	BWB	0	0	0	0	1	0	2	0	0	0	0	0	2026
1015003	BWB	0	0	0	0	1	0	2	0	0	0	0	0	2026
1015005	BWB	0	0	0	0	1	0	2	0	0	0	0	0	2026
1501	BWB	0	0	0	0	1	0	1	0	0	0	0	0	2026
1002	BWB	0	0	0	0	1	0	1	0	0	0	0	0	2026
6801	BWB	0	0	0	0	1	0	1	0	0	0	0	0	2026
2221014	BWB	0	0	0	0	1	0	2	0	0	0	0	0	2026
2221016	BWB	0	0	0	0	1	0	2	0	0	0	0	0	2026
2221018	BWB	0	0	0	0	1	0	2	0	0	0	0	0	2026
2221020	BWB	0	0	0	0	1	0	2	0	0	0	0	0	2026
2602002	BWB	0	0	0	0	1	0	2	0	0	0	0	0	2026
1523003	BWB	0	0	0	0	1	0	2	0	0	0	0	0	2026
1523004	BWB	0	0	0	0	1	0	2	0	0	0	0	0	2026
1524001	BWB	0	0	0	0	1	0	2	0	0	0	0	0	2026
1524002	BWB	0	0	0	0	1	0	2	0	0	0	0	0	2026
1524003	BWB	0	0	0	0	1	0	2	0	0	0	0	0	2026
2101001	BWB	0	0	0	0	1	0	2	0	0	0	0	0	2026
6603002	BWB	0	0	0	0	1	0	2	0	0	0	0	0	2026
6603003	BWB	0	0	0	0	1	0	2	0	0	0	0	0	2026
1608	BWB	0	0	0	0	1	0	1	0	0	0	0	0	2026
1528	BWB	0	0	0	0	1	0	1	0	0	0	0	0	2026
2221009	BWB	0	0	0	0	1	0	2	0	0	0	0	0	2026
2221013004	BWB	0	0	0	0	1	0	3	0	0	0	0	0	2026
6702	BWB	0	0	0	0	1	0	1	0	0	0	0	0	2026
1473	BWB	0	0	0	0	1	0	1	0	0	0	0	0	2026
1474	BWB	0	0	0	0	1	0	1	0	0	0	0	0	2026
1476	BWB	0	0	0	0	1	0	1	0	0	0	0	0	2026
1477	BWB	0	0	0	0	1	0	1	0	0	0	0	0	2026
1478	BWB	0	0	0	0	1	0	1	0	0	0	0	0	2026
1485	BWB	0	0	0	0	1	0	1	0	0	0	0	0	2026
2206	BWB	0	0	0	0	1	0	1	0	0	0	0	0	2026
1475	BWB	0	0	0	0	1	0	1	0	0	0	0	0	2026
2802	BWB	0	0	0	0	1	0	1	0	0	0	0	0	2026
1530	BWB	0	0	0	0	0	0	1	0	0	0	0	0	2026
1530002	BWB	0	0	0	0	1	0	2	0	0	0	0	0	2026
1525	BWB	0	0	0	0	1	0	1	0	0	0	0	0	2026
1642	BWB	0	0	0	0	1	0	1	0	0	0	0	0	2026
2271001	BWB	0	0	0	0	1	0	2	0	0	0	0	0	2026
1530001	BWB	0	0	0	0	1	0	2	0	0	0	0	0	2026
